low_bound_FST upper_bound_FST mid_wind_FST Nb_SNP_FST FST_POP1_POP2 FST_POP1_POP3 FST_POP1_POP4 FST_POP2_POP3 FST_POP2_POP4 FST_POP3_POP4
fst_temp 0 1e+06 500000.5 613 0.14698701578595 0.175040227874716 0.21883157384093 0.00692322614862706 0.0045270184331146 0.023100228003873
fst_temp.1 5e+05 1500000 1000000.5 541 0.199178087787564 0.292307347695548 0.258285965663746 0.0332560968217428 0.0378196370524833 0.0651110108085894
fst_temp.2 1e+06 2e+06 1500000.5 477 0.150178390555936 0.220754763621361 0.202349172450614 0.0141146596895364 0.0273672416917931 0.0643646902356234
fst_temp.3 1500000 2500000 2000000.5 305 0.117257762054939 0.117396369518815 0.173211666938243 -0.00421862834168257 0.0468110704665183 0.0407257352508387
fst_temp.4 2e+06 3e+06 2500000.5 238 0.121885776594456 0.0879009521779896 0.0951191520961318 0.0261502829089922 0.0408304807928944 0.0447608869890462
fst_temp.5 2500000 3500000 3000000.5 306 0.146794094312265 0.209063306324258 0.249424909628656 0.0428883542393294 0.0707818676704028 0.0372336071951851
fst_temp.6 3e+06 4e+06 3500000.5 306 0.102507055251618 0.185444156996032 0.194914287018649 0.0133383115709675 0.0633323688670277 0.0109598124252699
fst_temp.7 3500000 4500000 4000000.5 202 0.0632654793959765 0.0336652143594906 -0.00879212105203578 -0.0313253648532124 0.0412159326052858 0.0113812960820541
fst_temp.8 4e+06 5e+06 4500000.5 427 0.0631024258918101 0.0400455370823711 0.074198073506032 -0.0120287427949831 0.00614623021942876 0.00652661988822947
fst_temp.9 4500000 5500000 5000000.5 837 0.0596412338371268 0.0402609437995736 0.0912163274263456 -0.0247032416239051 -0.0295821642051426 -0.021319967789474
fst_temp.10 5e+06 6e+06 5500000.5 1188 0.0291310778550499 0.014510227592927 0.0529274897361169 -0.0291256907571762 -0.0247208887366659 -0.0366792385981837
fst_temp.11 5500000 6500000 6000000.5 3399 8.87852992578866e-05 -0.0164358098953685 -0.0451490984056085 -0.0360422681287564 -0.0509707093729815 -0.0661676666343587
fst_temp.12 6e+06 7e+06 6500000.5 3043 0.00376906140388563 -0.0117178807852815 -0.054333904640282 -0.0321708397829943 -0.0510817201950429 -0.0631754360263075
fst_temp.13 6500000 7500000 7000000.5 578 0.0480895361278748 0.0472539611877793 0.112998522895126 0.0114608759864851 0.0427499455117228 0.0656149185560321
fst_temp.14 7e+06 8e+06 7500000.5 688 0.0553887567951585 0.0432193300959229 0.186728058587387 -0.00925028526966608 0.0802484958358772 0.0913555888791173
fst_temp.15 7500000 8500000 8000000.5 940 0.0931474047121961 0.0597437043209836 0.128691983122363 0.0292584305136129 0.0375011498717254 0.0476619862872911
fst_temp.16 8e+06 9e+06 8500000.5 1360 0.0467510844600196 0.034383134543899 0.0260112865746669 0.00779768412912792 -0.03480991750098 -0.018652392617493
fst_temp.17 8500000 9500000 9000000.5 1633 0.0164234703766259 0.0137974038470669 -0.00582842861367344 -0.0177805747472817 -0.0446812765768758 -0.0427843037951812
fst_temp.18 9e+06 1e+07 9500000.5 878 0.0408299087884223 0.0297562084208502 0.0167573737407156 0.00728150871996686 -0.0293709692116107 -0.0288963237247786
fst_temp.19 9500000 10500000 10000000.5 268 0.155516912453678 0.139133530206217 0.151658202799037 0.0578100600697753 0.0953541491349821 0.0466624936839644
fst_temp.20 1e+07 1.1e+07 10500000.5 322 0.231596438037354 0.230557938680994 0.262948207171315 -0.00271492678840824 0.0697612500364012 0.0422782660087758
fst_temp.21 10500000 11500000 11000000.5 430 0.223680357077963 0.237138704038176 0.27954347309186 -0.00751727252548989 0.0843511738506832 0.0844606307899058
fst_temp.22 1.1e+07 1.2e+07 11500000.5 409 0.216852172170507 0.211327391519012 0.25430159856146 0.0166030811279539 0.113349791175894 0.0813318294296591
fst_temp.23 11500000 12500000 12000000.5 396 0.115322737478564 0.0950516657882972 0.128448035664531 0.0200853644301341 0.0174957011342767 0.0114423848050248
fst_temp.24 1.2e+07 1.3e+07 12500000.5 528 0.0838811706731601 0.0845042745603685 0.126986264476165 0.00828404290301564 0.0377371832645846 0.0585885243900222
fst_temp.25 12500000 13500000 13000000.5 1518 0.0271133904292906 0.0289818848007759 0.0850201310764429 -0.0246147288117107 0.0457547973464974 0.0260329042031022
fst_temp.26 1.3e+07 1.4e+07 13500000.5 1785 0.00281825042383376 0.00517929814193214 0.0468819680830045 -0.0231706238738382 0.0192539357033558 0.00113607540584188
fst_temp.27 13500000 14500000 14000000.5 769 0.0401809666642764 0.0344171940064696 0.113720228111372 -0.00362389400304786 0.00107510367071111 -0.0081752168646083
fst_temp.28 1.4e+07 1.5e+07 14500000.5 224 0.108930395595424 0.0704212956666598 0.233554735547355 0.0090788387672732 0.0393362953323099 0.0102139747155724
fst_temp.29 14500000 15500000 15000000.5 236 0.18703367637112 0.228809760023395 0.310949449729528 0.0392922148238601 0.0629191535539881 0.0716217213417184
fst_temp.30 1.5e+07 1.6e+07 15500000.5 468 0.205890995496626 0.249307674807208 0.356053221253054 0.0342421589126269 0.0882213550904576 0.0578893014356006
fst_temp.31 15500000 16500000 16000000.5 479 0.197582383944363 0.224216416275739 0.48883708634736 0.00858852549958214 0.279951578312863 0.261063628738573
fst_temp.32 1.6e+07 1.7e+07 16500000.5 389 0.198315700761126 0.172133977900553 0.477737196656115 0.0333977069236882 0.273636294538422 0.283955616749008
fst_temp.33 16500000 17500000 17000000.5 429 0.18486281057942 0.0873515747887726 0.202744774127962 0.0578925698864128 0.0668389986087214 0.0668387145002684
fst_temp.34 1.7e+07 1.8e+07 17500000.5 516 0.131810469182356 0.04832361642154 0.218094659723748 0.0345915978672353 0.0863363531297767 0.12555588926382
fst_temp.35 17500000 18500000 18000000.5 529 0.147907800866018 0.097750948724294 0.217992047713718 0.0343531139192312 0.0544663800615508 0.08722825188378
fst_temp.36 1.8e+07 1.9e+07 18500000.5 482 0.178655334966483 0.108946754696005 0.158609601951436 0.0231617812714821 0.028368034206355 0.0023642297525551
fst_temp.37 18500000 19500000 19000000.5 376 0.137891450471994 0.0859475169320122 0.113251514680752 0.0227920623502972 0.0299526361432923 -0.0241421054820496
fst_temp.38 1.9e+07 2e+07 19500000.5 422 0.134818253380749 0.132849569923019 0.182470336245878 0.0334842695092118 0.0454419311988219 0.0462333877664965
fst_temp.39 19500000 20500000 20000000.5 444 0.117529930242366 0.134433011823075 0.179865623967397 0.0130199130139647 0.0407911001236094 0.0231215197415156
fst_temp.40 2e+07 2.1e+07 20500000.5 404 0.0501433075138295 0.0661772572043686 0.0956486541185995 0.0230922463668092 0.059524105610608 0.0305602795465279
fst_temp.41 20500000 21500000 21000000.5 398 0.0799374122538353 0.0569953852138374 0.126395123759318 0.0232543390072192 0.0644870246050801 0.0632558219148772
fst_temp.42 2.1e+07 2.2e+07 21500000.5 342 0.145871869829412 0.0683939614270132 0.209594663930221 0.0167897918065816 0.0367606056706558 0.0496785288622932
fst_temp.43 21500000 22500000 22000000.5 374 0.144597510530179 0.0991973184111476 0.201212789415656 0.0437255597695462 0.0829834931243554 0.0724531101121009
fst_temp.44 2.2e+07 2.3e+07 22500000.5 524 0.108291783200962 0.122039861135769 0.10567942450618 0.020732442529893 0.0748546586673 0.0589615055565645
fst_temp.45 22500000 23500000 23000000.5 607 0.0791071872393954 0.0917912552585977 0.0932068788207736 0.00811936311064245 0.097613284509451 0.0876531531933501
fst_temp.46 2.3e+07 2.4e+07 23500000.5 469 0.081218106630429 0.0588669914355318 0.205637431564096 0.00842068017547403 0.211302491186359 0.172569851946873
fst_temp.47 23500000 24500000 24000000.5 386 0.153015709515435 0.122458801556576 0.380997549600822 -0.00958712171060546 0.265860289449265 0.29339141131589
fst_temp.48 2.4e+07 2.5e+07 24500000.5 353 0.123028257156725 0.147728628726013 0.365170912697684 -0.0173899487599482 0.198566181037389 0.262185064168176
fst_temp.49 24500000 25500000 25000000.5 279 0.078987967684751 0.116047556106064 0.26059451737977 0.000265143467198593 0.128694912852487 0.157249668568023
fst_temp.50 2.5e+07 2.6e+07 25500000.5 349 0.0964089821861341 0.122832594384968 0.200646342777119 -7.94329083617784e-05 0.186151119996365 0.19802547811729
fst_temp.51 25500000 26500000 26000000.5 351 0.123452870618196 0.0922965717994111 0.19791774685277 -0.0124227075356939 0.219022236229536 0.198066920336066
fst_temp.52 2.6e+07 2.7e+07 26500000.5 374 0.108931489096819 0.102523911550404 0.155286322763843 0.0145252001102886 0.130501105941576 0.136333956870081
fst_temp.53 26500000 27500000 27000000.5 573 0.116241080430154 0.17526446261664 0.269704926788019 0.0141245117231573 0.174971031286211 0.196584964227209
fst_temp.54 2.7e+07 2.8e+07 27500000.5 550 0.101503604571699 0.166868084358446 0.339096557050152 0.00271401838659119 0.214688841123715 0.19458194897668
fst_temp.55 27500000 28500000 28000000.5 347 0.0408839192909551 0.107956572197967 0.329060270857025 -0.00360739650530956 0.178396724719459 0.151693440283663
fst_temp.56 2.8e+07 2.9e+07 28500000.5 318 0.0415703401458183 0.10076407236409 0.197503386878266 0.0328553771698555 0.169555107489612 0.164446446448807
fst_temp.57 28500000 29500000 29000000.5 368 0.0657819445006387 0.0893653061293399 0.0887242500903506 0.0748428136037435 0.162435395404213 0.153425603545018
fst_temp.58 2.9e+07 3e+07 29500000.5 363 0.0924290957909373 0.0519147334307379 0.0435598508127888 0.0799521478465346 0.0927847166880281 0.0821353256756049
fst_temp.59 29500000 30500000 30000000.5 382 0.187941264216411 0.1240593087843 0.12777691871553 0.0675639574832715 0.0404217552586546 0.0669296824920027
fst_temp.60 3e+07 3.1e+07 30500000.5 473 0.219790459307743 0.392968601898943 0.216960693283813 0.142288880764541 0.0138905626119721 0.149158440369365
fst_temp.61 30500000 31500000 31000000.5 368 0.178852665152737 0.447927588274266 0.216620326262371 0.152282306512062 -0.00967960406355822 0.131094613309796
fst_temp.62 3.1e+07 3.2e+07 31500000.5 254 0.111476834109837 0.0930880011429452 0.176514866390666 0.0115774234677528 0.0326764144945963 0.0233940194321291
fst_temp.63 31500000 32500000 32000000.5 347 0.0576778819382125 0.0349167970106804 0.172715347616966 0.000695074247410479 0.060624858158711 0.0210415918327629
fst_temp.64 3.2e+07 3.3e+07 32500000.5 402 0.0781462243643482 0.0554966321444799 0.143581762637616 0.00319241190566631 0.0769866080322827 0.0171355001250428
fst_temp.65 32500000 33500000 33000000.5 351 0.136449560471532 0.116432691189666 0.101303495212827 0.0123775213359753 0.105445923334987 0.0404792641600775
fst_temp.66 3.3e+07 3.4e+07 33500000.5 341 0.132124546723322 0.130391339373021 0.0837529372272575 0.0190568539249302 0.0784615628819505 0.106109172040781
fst_temp.67 33500000 34500000 34000000.5 370 0.183808682576579 0.195685634088832 0.232573681748312 -0.0022792817351346 0.0659624615067009 0.107598401380446
fst_temp.68 3.4e+07 3.5e+07 34500000.5 321 0.162570499656544 0.178981573345185 0.233741463114502 -0.00854091001347636 0.0882505376651255 0.118899933441036
fst_temp.69 34500000 35500000 35000000.5 274 0.0208454006964807 0.0716482950224152 0.0877519379844961 0.00611206043708967 0.0596252129471891 0.127322895545475
fst_temp.70 3.5e+07 3.6e+07 35500000.5 304 0.00621899881139416 0.0175137250405711 0.101316542644534 0.0289813068370634 0.106940028505646 0.0907071838282695
fst_temp.71 35500000 36500000 36000000.5 378 0.115378934602031 0.0936402669561145 0.136706135629709 0.035050275698086 0.123981351627942 0.0750171401588246
fst_temp.72 3.6e+07 3.7e+07 36500000.5 399 0.18703847346836 0.192306873241836 0.245511257481238 0.0308812984957174 0.107526123559855 0.132278763623133
fst_temp.73 36500000 37500000 37000000.5 404 0.166029284977895 0.202559424912688 0.230019186613405 0.0325728371956428 0.0865203337637243 0.170647343418201
fst_temp.74 3.7e+07 3.8e+07 37500000.5 377 0.159359639806212 0.198024846944448 0.232679462384814 0.0322300920557455 0.0576511234230994 0.130023008808423
fst_temp.75 37500000 38500000 38000000.5 371 0.106158705730494 0.126072844179887 0.381645944345767 0.0037398142156809 0.20565072663798 0.217407606641563
fst_temp.76 3.8e+07 3.9e+07 38500000.5 382 0.0668360603728274 0.0803230807715887 0.307568668071579 -0.0229250634415248 0.210253635170209 0.196408130929045
fst_temp.77 38500000 39500000 39000000.5 463 0.112202665506224 0.0860216313726088 0.198520046096925 0.0104252990315031 0.121022572749524 0.0955067870881816
fst_temp.78 3.9e+07 4e+07 39500000.5 521 0.165350015946042 0.0894721757191418 0.254119825419918 0.0300992921618556 0.122602313656924 0.148875184634995
fst_temp.79 39500000 40500000 40000000.5 531 0.10638326777015 0.079639748476837 0.232768052516411 0.0638888032865849 0.0833897292529135 0.20919304566302
fst_temp.80 4e+07 4.1e+07 40500000.5 515 0.0311648091996824 0.0433408118198495 0.155613824247059 0.0576577566637079 0.0690397773479701 0.163965123763825
fst_temp.81 40500000 41500000 41000000.5 325 0.0148055015435995 0.0219406492983068 0.115538944810034 0.00550886092011151 0.104968571902133 0.0890522604038455
fst_temp.82 4.1e+07 4.2e+07 41500000.5 283 0.0145172823470068 -0.00129688150792127 0.091490982981966 0.0431581663742049 0.177701669125909 0.130254386432724
fst_temp.83 41500000 42500000 42000000.5 337 0.0607210258659761 0.0329641589968997 0.0888192719023442 0.0547083260511374 0.150075557599626 0.146091805780095
fst_temp.84 4.2e+07 4.3e+07 42500000.5 261 0.158133385157748 0.124308192409787 0.282506590709372 0.0260543685150053 0.14493706769475 0.180743195436781
fst_temp.85 42500000 43500000 43000000.5 298 0.151280223583196 0.119488143530886 0.214855754341663 0.0145874453464278 0.0262431335084786 0.0621904049740177
fst_temp.86 4.3e+07 4.4e+07 43500000.5 372 0.0700304404420809 0.0768963956402309 0.0621814070650772 0.0133064949093001 -0.0255496402557191 -0.00373724763638964
fst_temp.87 43500000 44500000 44000000.5 352 0.101838448963175 0.120690220995782 0.078941687255631 0.0223563395529904 0.112941437631326 0.149785783283141
fst_temp.88 4.4e+07 4.5e+07 44500000.5 308 0.096405424141114 0.0992730463183013 0.0547796438944311 0.0661479254838041 0.153616931415566 0.16083064272267
fst_temp.89 44500000 45500000 45000000.5 275 0.0925057250043723 0.0927308386613465 0.0260878223638355 0.113361454171686 0.0594082530666393 0.0393805230421768
fst_temp.90 4.5e+07 4.6e+07 45500000.5 303 0.173214814267398 0.14079782135036 0.0935728018300845 0.0550014760766513 0.0893054222110562 0.0535932876427359
fst_temp.91 45500000 46500000 46000000.5 328 0.170484274056775 0.158753623590003 0.145622034056016 0.0053303718631043 0.0745113059655555 0.0449512893982808
fst_temp.92 4.6e+07 4.7e+07 46500000.5 347 0.106573923194786 0.10464164620601 0.165666071718319 0.0135260903935169 0.067364006652045 0.0294673023636061
fst_temp.93 46500000 47500000 47000000.5 343 0.0247451587484979 0.0136896648364947 0.0637649619151251 0.00308838822355467 0.0216816260089078 -0.013410748983262
fst_temp.94 4.7e+07 4.8e+07 47500000.5 275 0.00217935490914241 0.00353028111295209 -0.00207879125893628 -0.00321629840081088 -0.0327406421349561 -0.0081464558407984
fst_temp.95 47500000 48500000 48000000.5 271 0.0641299507648947 0.0349911974147366 0.212780969660317 0.00651787470004451 0.085971097594049 0.0998783708691107
fst_temp.96 4.8e+07 4.9e+07 48500000.5 337 0.172581440834411 0.152429788521893 0.219109746738296 0.00520110589705836 0.0945578142702731 0.097794766245222
fst_temp.97 48500000 49500000 49000000.5 350 0.167519947245078 0.187267940224833 0.22277543285382 0.0227236944221126 0.159494408513934 0.137586761895182
fst_temp.98 4.9e+07 5e+07 49500000.5 298 0.140633469948037 0.129161918150365 0.208201579062506 0.0235350831265051 0.177907408256785 0.130898589804322
fst_temp.99 49500000 50500000 50000000.5 203 0.171489137514053 0.129312626368851 0.103852923919421 -0.0144616139700297 0.100518931385739 0.0624655520852471
fst_temp.100 5e+07 5.1e+07 50500000.5 212 0.0810668429414854 0.0802649304816978 0.10096090562064 -0.0184036207925528 0.138947108864505 0.117864698085549
fst_temp.101 50500000 51500000 51000000.5 220 0.0838206627680312 0.0910783008084897 0.0493658293956727 -0.0149698192445156 0.159025443290657 0.128785139527695
fst_temp.102 5.1e+07 5.2e+07 51500000.5 294 0.168972660605868 0.121293954319837 0.118343897633122 -0.00444122880823695 0.150218322537922 0.0739184242803867
fst_temp.103 51500000 52500000 52000000.5 382 0.23617347569814 0.22344696451882 0.252946792813124 -0.0125511997369699 0.0914229783677374 0.0614832203237336
fst_temp.104 5.2e+07 5.3e+07 52500000.5 354 0.171727040304645 0.21146054064845 0.341252881492824 0.0110132307871647 0.151594146045164 0.278699836189052
fst_temp.105 52500000 53500000 53000000.5 314 0.121908545440893 0.112822864890651 0.379825822271075 0.0105650624583937 0.195054856144212 0.313407006161822
fst_temp.106 5.3e+07 5.4e+07 53500000.5 294 0.181634290098699 0.158653558386871 0.380841431304578 -0.0127917267679623 0.11680519470185 0.0544143480992812
fst_temp.107 53500000 54500000 54000000.5 343 0.198335467392459 0.202232924457245 0.282663714014552 0.00281648839349883 0.0357437755246264 0.0152213608797409
fst_temp.108 5.4e+07 5.5e+07 54500000.5 377 0.164374015381954 0.158111701815127 0.261848488617987 0.000985752008176066 0.0424111372426631 0.0838912808451719
fst_temp.109 54500000 55500000 55000000.5 555 0.0980768010428333 0.0268501840856726 0.201031549010629 0.0043519265879179 0.00746094083262008 0.0688435513635432
fst_temp.110 5.5e+07 5.6e+07 55500000.5 618 0.0936600487120821 -0.00294639535038683 0.155045918108478 0.0187865013859416 -0.0451424681513177 0.0731935535994848
fst_temp.111 55500000 56500000 56000000.5 501 0.0511920254823048 0.00158734690728571 0.106345161079527 0.0157607226771725 -0.001432677146061 0.0867309867435541
fst_temp.112 5.6e+07 5.7e+07 56500000.5 409 0.0656362449326633 -0.00158409210916068 0.0546183704630328 0.0251252894481476 0.0748791773778921 0.0603882702666717
fst_temp.113 56500000 57500000 57000000.5 304 0.115966507348978 0.0772083226741281 0.0521574632915953 0.0253166993981009 0.0426459869277922 0.0460127368125926
fst_temp.114 5.7e+07 5.8e+07 57500000.5 220 0.0823251930714084 0.150636569894058 0.0381479419758342 -0.0179552676671293 -0.0261120679157316 0.0350126802679889
fst_temp.115 57500000 58500000 58000000.5 266 0.171440927341788 0.133253910264401 0.0608948473590696 -0.00464069968512817 0.118187250080434 0.0871494997886431
fst_temp.116 5.8e+07 5.9e+07 58500000.5 787 0.141393246984693 0.0683028174759836 -0.0141220579046032 -0.00639146244664943 0.0917189634351553 0.0247377996441433
fst_temp.117 58500000 59500000 59000000.5 735 0.1089178238123 0.043256993960457 -0.0102280406372768 -0.00386889272855057 0.078948805013593 0.00987151290658642
fst_temp.118 5.9e+07 6e+07 59500000.5 255 0.0524805275221083 0.0392664405108335 0.117719027607851 0.0279724856665555 0.0688679929415746 0.101510123384235
fst_temp.119 59500000 60500000 60000000.5 236 0.0330185440346436 0.0668445838514161 0.133446974309022 0.0399623584348016 0.0462098460047444 0.120940185205031
fst_temp.120 6e+07 6.1e+07 60500000.5 239 0.0623958753485436 0.0937220873780494 0.329799463533018 -0.00326404975070052 0.232746768612739 0.239941367453457
fst_temp.121 60500000 61500000 61000000.5 283 0.0657234760574984 0.0744184553225014 0.354519322900032 -0.0216281463986546 0.248209675062113 0.272459293591902
fst_temp.122 6.1e+07 6.2e+07 61500000.5 236 0.0995208675062978 0.172583253760261 0.27787129353878 0.00200224333893031 0.0993914807302231 0.145414954197995
fst_temp.123 61500000 62500000 62000000.5 237 0.160727246828847 0.227599924228073 0.300720515737581 -0.0107651759649128 0.0606915423725951 0.0347320115354437
fst_temp.124 6.2e+07 6.3e+07 62500000.5 382 0.0950064776657557 0.10170934824414 0.187152187527959 -0.0173320268119032 0.0554920681282974 0.0358301291688792
fst_temp.125 62500000 63500000 63000000.5 383 0.0951969079526605 0.0731713093099634 0.117059320748174 -0.00492328907157008 0.043030638568551 0.0128394601043851
fst_temp.126 6.3e+07 6.4e+07 63500000.5 277 0.120783346259631 0.113625988130421 0.100698309887663 0.0172360576570996 0.0611167343190759 0.0137931034482759
fst_temp.127 63500000 64500000 64000000.5 345 0.110676338418136 0.13105594743371 0.248820323183298 0.0108847240285433 0.108714614225676 0.0619950875589575
fst_temp.128 6.4e+07 6.5e+07 64500000.5 375 0.123545227869994 0.158592082370776 0.305464547891445 0.0190316104758965 0.100900379347644 0.0414750231075917
fst_temp.129 64500000 65500000 65000000.5 271 0.161480780505868 0.154897718988455 0.180063626723224 0.0577270396276634 0.111395045142379 0.0586813219409789
fst_temp.130 6.5e+07 6.6e+07 65500000.5 194 0.166138156283229 0.132939109511561 0.113877629801197 0.052768075978558 0.132584785529576 0.0911195825331178
fst_temp.131 65500000 66500000 66000000.5 131 0.0780221372153369 0.0594290451339593 0.12910961553338 0.043712070244243 -0.0066297587314606 -0.00284091941161724
fst_temp.132 6.6e+07 6.7e+07 66500000.5 275 0.020312953627536 0.00866628824357267 0.00780695528743789 0.00249410056740465 0.0408074142364986 0.0722341719841681
fst_temp.133 66500000 67500000 67000000.5 380 0.100640037790963 0.0337076533842594 0.133947368421053 0.0284315721636085 0.0405130456358674 0.0747195250792373
fst_temp.134 6.7e+07 6.8e+07 67500000.5 332 0.127964193222468 0.0454145310676155 0.218734655335222 0.0251185927236114 0.0345366828823963 0.0661235411545341
fst_temp.135 67500000 68500000 68000000.5 413 0.141392270332589 0.0397451696205238 0.152378030070574 0.0459045344642008 0.216514230575738 0.0919636865691213
fst_temp.136 6.8e+07 6.9e+07 68500000.5 415 0.192392721725724 0.0835889797510207 0.177688867968934 0.11447095148631 0.327343999099724 0.137006120484351
fst_temp.137 68500000 69500000 69000000.5 300 0.147331056416625 0.100399725019893 0.400201769362098 0.225419218314149 0.311949379411049 0.41525448669388
fst_temp.138 6.9e+07 7e+07 69500000.5 248 0.155987920218399 0.0151022495533093 0.385533042984283 0.18196403717746 0.179125980470626 0.393449604791595
fst_temp.139 69500000 70500000 70000000.5 190 0.223977117273971 0.0624604906773366 0.17956204379562 0.0515386111846283 0.0201431574465821 0.0169107693560371
fst_temp.140 7e+07 7.1e+07 70500000.5 316 0.260648876652583 0.164812012771978 0.170280485378954 0.0909319003764605 0.03385242322806 0.0646701554681233
fst_temp.141 70500000 71500000 71000000.5 312 0.218730038541083 0.180452021680837 0.16309442308705 0.0885395107316614 0.0611818942877786 0.0634832832395921
fst_temp.142 7.1e+07 7.2e+07 71500000.5 399 0.033162429556106 0.0408066658009057 0.0739481921001594 0.000102641953717466 0.00224858125230509 -0.00659929416899309
fst_temp.143 71500000 72500000 72000000.5 670 0.0413691715585632 0.0466244486410378 0.110734463276836 0.0182887304694167 0.0334353558195362 0.0121484645629333
fst_temp.144 7.2e+07 7.3e+07 72500000.5 537 0.182055092516676 0.301220106856248 0.308397354136386 0.0497964871224844 0.0626871689487324 0.0107731305449937
fst_temp.145 72500000 73500000 73000000.5 306 0.295989476325586 0.453074276114799 0.429036565512448 0.0225260413100541 0.0262222011475177 -0.0219608358253067
fst_temp.146 7.3e+07 7.4e+07 73500000.5 255 0.309721595766615 0.409366533350536 0.470038981053395 0.0047212267946624 0.0505804695294794 0.0431238988388386
fst_temp.147 73500000 74500000 74000000.5 351 0.104351734877263 0.140598648440896 0.21639520315017 0.0122872689376662 0.0520058126733894 0.0941897157457682
fst_temp.148 7.4e+07 7.5e+07 74500000.5 469 0.0916099747287903 0.159580350329968 0.0909090909090909 0.00912510611730026 0.101491892659462 0.136254246070586
fst_temp.149 74500000 75500000 75000000.5 284 0.132100102076531 0.234650504860125 0.114388841851967 0.0193514602714353 0.138015076800998 0.150367394119518
fst_temp.150 7.5e+07 7.6e+07 75500000.5 62 0.0492813382220296 0.147179927663787 -0.0222222222222222 0.0371503596300948 -0.0124174372523117 0.00440519448021314
fst_temp.151 75500000 76500000 76000000.5 156 0.05215572372421 0.138399639413482 0.017504942855765 0.0369145794592408 0.0102286793927943 0.059318083842294
fst_temp.152 7.6e+07 7.7e+07 76500000.5 248 0.060045952642277 0.107362210479637 0.107445324988946 0.0223687794215821 0.0832076317827877 0.081371503568206
fst_temp.153 76500000 77500000 77000000.5 220 0.128879987741936 0.0780282662761762 0.340518347446754 -0.0132171762357868 0.146374642131445 0.0767313349765445
fst_temp.154 7.7e+07 7.8e+07 77500000.5 281 0.221353646939081 0.0873772835480507 0.251085763375173 0.0227062244637633 0.144358763195328 0.0153290421581605
fst_temp.155 77500000 78500000 78000000.5 435 0.161025150070664 0.053432349508962 0.162652804288673 0.017527607290414 0.137898385781584 0.0111418058990289
fst_temp.156 7.8e+07 7.9e+07 78500000.5 658 0.0502613499953218 0.0149864557941157 0.106560827470082 -0.00995770412120273 0.0708123371659464 0.0137099717122211
fst_temp.157 78500000 79500000 79000000.5 460 0.0647599844745484 0.0296770330009296 0.136302972863194 -0.00817306155312562 0.0673512449986269 0.0143760085771714
fst_temp.158 7.9e+07 8e+07 79500000.5 84 0.26886549102406 0.189241279440759 0.589096573208723 0.023974088279613 0.316528044359138 0.148569575812229
fst_temp.159 79500000 80500000 80000000.5 263 0.0794773978310453 0.0486446475980951 0.245746035420766 -0.00101720122611315 0.16031641619862 0.0497420097256766
fst_temp.160 8e+07 8.1e+07 80500000.5 567 0.0416552876710111 0.0352812955907923 0.222768378459115 -0.00346975082016909 0.158172274891158 0.0500872564306441
fst_temp.161 80500000 81500000 81000000.5 389 0.044608431427623 0.0455045538477862 0.261813439705431 -0.000529097011958315 0.18158528948517 0.0676005742661637
fst_temp.162 8.1e+07 8.2e+07 81500000.5 201 0.179575975514768 0.147215661361959 0.302678818006076 -0.0135448244481387 0.0411534995494142 0.0295900796014513
fst_temp.163 81500000 82500000 82000000.5 335 0.113125814069963 0.0861137336618699 0.156686291000841 -0.0303859801236979 -0.0225948636660688 -0.0183620554628571
fst_temp.164 8.2e+07 8.3e+07 82500000.5 203 0.0493689600192845 0.0377747700271041 0.0572982588170903 -0.0384320616285526 -0.0333403735328727 -0.0358744394618834
fst_temp.165 82500000 83500000 83000000.5 268 -0.0273197604054437 -0.00163062480712296 -0.0459687813260776 -0.0350358276366922 -0.0730465767370832 -0.0473363729460306
fst_temp.166 8.3e+07 8.4e+07 83500000.5 269 -0.0344162060174193 -0.00905601573689281 -0.0596900707863019 -0.0362717385211206 -0.0782633171486877 -0.0524476216040575
fst_temp.167 83500000 84500000 84000000.5 349 0.0808342550780194 0.0678111854073264 0.114657183105097 -0.0205649236661524 -0.0356575540831103 -0.0271051713573098
fst_temp.168 8.4e+07 8.5e+07 84500000.5 473 0.117901706137 0.0998836801024577 0.16116102515328 -0.00912830144608498 -0.0325415103151724 -0.0232773237307743
fst_temp.169 84500000 85500000 85000000.5 398 0.204504469464762 0.140165042257799 0.236996810619774 0.00721293380904375 -0.0197124474212601 0.00330820766110141
fst_temp.170 8.5e+07 8.6e+07 85500000.5 415 0.221496587998358 0.136797429822523 0.24332947122731 -0.00432853061807916 -0.026943614907246 0.00312470478060322
fst_temp.171 85500000 86500000 86000000.5 185 0.246058357275781 0.161497366650969 0.28509308903618 -0.021309261667418 -0.0511873350923483 -0.010231604006534
fst_temp.172 8.6e+07 8.7e+07 86500000.5 49 0.309129362002115 0.218795772337528 0.434517203107658 -0.0228844610936832 -0.000480630587330569 0.0578122846510773
fst_temp.173 86500000 87500000 87000000.5 32 0.269821499340834 0.204153425216253 0.424539583831619 -0.0240580752031652 0.0150831507025912 0.0584648493543759
fst_temp.174 8.7e+07 8.8e+07 87500000.5 4 0.200940070505288 0.317415474346122 0.397590361445783 -0.0376605629953539 -0.0293453724604966 0.0407956533750806
fst_temp.175 87500000 88500000 88000000.5 123 0.174860431046998 0.0525889097128216 0.125842830717823 -0.00545091302521875 0.0129137276180141 -0.00156880478641992
fst_temp.176 8.8e+07 8.9e+07 88500000.5 230 0.291130090608675 0.146406344074438 0.308823979201713 -0.00047672110667427 -0.00707706378067635 0.00939761492202631
fst_temp.177 88500000 89500000 89000000.5 252 0.314628778275977 0.1868427206466 0.372188685293018 -0.0125260683416634 -0.0282280500018547 0.00124528344829716
fst_temp.178 8.9e+07 9e+07 89500000.5 305 0.215979679494242 0.157615658717434 0.22518285082665 -0.0238998911149227 -0.0353564626976898 -0.0163846666900692
fst_temp.179 89500000 90500000 90000000.5 213 0.145922541203909 0.122471129927125 0.123544218828663 -0.0277375239530357 -0.0542234860725134 -0.0370967910909034
fst_temp.180 9e+07 9.1e+07 90500000.5 279 0.0860276498307748 0.046622909464585 0.0964539789334363 -0.0380377385408266 -0.0447051067219735 -0.0331479914138694
fst_temp.181 90500000 91500000 91000000.5 1454 0.0532034305384424 0.0215734211327693 0.0622614550507917 -0.0136853589222299 -0.022596289227496 -0.0202370682898661
fst_temp.182 9.1e+07 9.2e+07 91500000.5 1692 0.0837694455633157 0.0388524290666702 0.09632339975313 -0.0120116111139023 -0.0196657104121058 -0.0173476431027848
fst_temp.183 91500000 92500000 92000000.5 824 0.122568550700728 0.0756173491719195 0.141091491150756 -0.0237569382217943 -0.0368913104840434 -0.0192129582760865
fst_temp.184 9.2e+07 9.3e+07 92500000.5 427 0.0865805325577572 0.064894877485555 0.0943048796527686 -0.0273302107240445 -0.0566637381106994 -0.0230468041361795
fst_temp.185 92500000 93500000 93000000.5 84 0.255030700245485 0.173521633918337 0.28 -0.0243947264121084 -0.0438965724594107 0.0176563487049905
fst_temp.186 9.3e+07 9.4e+07 93500000.5 81 0.282827528168289 0.15813958867631 0.322963438101347 -0.0178081160523182 -0.0137561364858536 0.0139314680429974
fst_temp.187 93500000 94500000 94000000.5 80 0.276351076709092 0.139934513635504 0.309754706217912 -0.0144385667217409 -0.00696913668041531 0.0260563070440024
fst_temp.188 9.4e+07 9.5e+07 94500000.5 25 0.321770686452399 0.173940637043441 0.39906874828814 -0.0166474369540135 0.040660664105064 0.0838810126203273
fst_temp.189 94500000 95500000 95000000.5 35 0.505951243293252 0.327387273796579 0.577456388847473 0.00742894888544746 0.0566701865540303 0.101154055421388
fst_temp.190 9.5e+07 9.6e+07 95500000.5 121 0.254201303227886 0.141148696386414 0.297730919092368 -0.00651504420587647 0.0136035645282126 0.0275279015518711
fst_temp.191 95500000 96500000 96000000.5 145 0.270366557139173 0.15737016571364 0.331034813005794 -0.00404482032154083 0.00715510743584982 0.0248895434462445
fst_temp.192 9.6e+07 9.7e+07 96500000.5 757 0.0507808027696139 0.0234911780619783 0.0424625532499657 -0.0249297618432922 -0.0445318558842674 -0.0349983386864548
fst_temp.193 96500000 97500000 97000000.5 823 0.0340871704362112 0.0115290928421646 0.0116065974343311 -0.0272931725541923 -0.045059935648247 -0.0413651663878419
fst_temp.194 9.7e+07 9.8e+07 97500000.5 142 0.201224445961976 0.122046807209187 0.198743526615163 -0.0187701153080327 -0.00820761683721912 -0.0088278697164541
fst_temp.195 97500000 98500000 98000000.5 53 0.302208192750133 0.219438507198867 0.477845944103613 -0.0241166328701568 0.00629839958699021 0.0620981104540687
fst_temp.196 9.8e+07 9.9e+07 98500000.5 53 0.247987885778844 0.13717903475749 0.411827956989247 -0.0264886767069834 -0.0142579252260533 0.0636344209528134
fst_temp.197 98500000 99500000 99000000.5 70 0.358215897849145 0.202643809225667 0.466278671687778 0.00979967760001748 -0.00062227753578094 0.0688485108499052
fst_temp.198 9.9e+07 1e+08 99500000.5 238 0.113861800703771 0.0398588494067559 0.122874806800618 -0.00438315491752267 -0.0361672827426252 -0.0240740740740741
fst_temp.199 99500000 100500000 100000000.5 260 0.0423391400435683 0.0155066714749369 0.0500830761927368 -0.00156791804048311 0.0233974834301099 0.010139342700992
fst_temp.200 1e+08 1.01e+08 100500000.5 220 0.125194298569115 0.283433633501244 0.262190305206463 0.0658956583010833 0.0339365966233451 0.0425149576559377
fst_temp.201 100500000 101500000 101000000.5 571 0.0206036723477432 0.190729986429549 0.034068426386141 0.0526515208104219 -0.0623391069791573 -0.000474947731267712
fst_temp.202 1.01e+08 1.02e+08 101500000.5 509 0.0132375336795658 0.137191782487445 -0.0145307358551003 0.037499459030196 -0.0503247658694142 0.0186255469120953
fst_temp.203 101500000 102500000 102000000.5 204 0.207740762387168 0.19628722090335 0.229088001421527 0.0249372183403372 0.0464750834140566 0.104244272451796
fst_temp.204 1.02e+08 1.03e+08 102500000.5 237 0.300686476598448 0.231402490218485 0.409268106808922 0.0207709187492265 0.049446669986399 0.156724168371639
fst_temp.205 102500000 103500000 103000000.5 165 0.346533181837511 0.254399306406503 0.527707808564232 0.005551921144266 0.0613416052733618 0.173842042755344
fst_temp.206 1.03e+08 1.04e+08 103500000.5 72 0.231338830617043 0.124638836668391 0.276906682904552 -0.0222428462483003 0.0124695360007572 0.0445705309309168
fst_temp.207 103500000 104500000 104000000.5 165 0.306702838003176 0.181209952719108 0.277717003567182 0.0177289934453713 0.168522343694896 0.183010387261216
fst_temp.208 1.04e+08 1.05e+08 104500000.5 302 0.222356183040527 0.177208124710858 0.257589225589226 0.0759417699549094 0.173010922658464 0.229843133720189
fst_temp.209 104500000 105500000 105000000.5 259 0.150072041351998 0.206573212444494 0.309571818289645 0.0944534249583588 0.163342265766148 0.275338907015551
fst_temp.210 1.05e+08 1.06e+08 105500000.5 179 0.193600935379069 0.253455597386824 0.372697345380682 0.0482236323055157 0.251005468121582 0.292241685185531
fst_temp.211 105500000 106500000 106000000.5 189 0.288979374904604 0.287948736385982 0.272714916751614 0.0327496937709422 0.166841713558367 0.152314412332224
fst_temp.212 1.06e+08 1.07e+08 106500000.5 288 0.489961900296218 0.47811883354538 0.457882594206614 0.010758432948653 0.0167149374372953 -0.00882930386492399
fst_temp.213 106500000 107500000 107000000.5 277 0.498946894696551 0.464077463662857 0.466373328820443 0.0251027054343536 0.0521588946459413 -0.0182747225647349
fst_temp.214 1.07e+08 1.08e+08 107500000.5 402 0.304588669876362 0.315651385073697 0.342143730795621 0.00486340508729455 0.10787775043686 0.0696643027689676
fst_temp.215 107500000 108500000 108000000.5 576 0.242043392237154 0.265082919035349 0.28488449970166 0.00864085822109857 0.0582151130722559 0.083906981986573
fst_temp.216 1.08e+08 1.09e+08 108500000.5 741 0.0899086764516729 0.0457415140705283 0.149318643084952 0.0177163153177425 0.0130729859529661 0.0982559404664715
fst_temp.217 108500000 109500000 109000000.5 639 0.0678789817537557 -0.00323391218828058 0.159646316537812 0.0117892057615549 0.0331908005090712 0.103009274056422
fst_temp.218 1.09e+08 1.1e+08 109500000.5 453 0.152682856802385 0.121581971235374 0.289428673385261 0.0122438314758867 0.236812570145903 0.119954496882441
fst_temp.219 109500000 110500000 110000000.5 509 0.28659950225042 0.143647899972029 0.402983583297529 0.0386530797445545 0.218814675446849 0.13656453385201
fst_temp.220 1.1e+08 1.11e+08 110500000.5 336 0.352009340956202 0.177091607973004 0.414601373544342 0.0553316982153391 0.0579565072318696 0.168639806225701
fst_temp.221 110500000 111500000 111000000.5 299 0.337800273949006 0.397539104062709 0.287856318998188 0.00617084073630359 0.244349779129613 0.332219071584576
fst_temp.222 1.11e+08 1.12e+08 111500000.5 407 0.336610120913326 0.381093757249255 0.391772295523065 -0.00798883572348283 0.213906425668079 0.282949362106092
fst_temp.223 111500000 112500000 112000000.5 467 0.287276608447698 0.237056266662665 0.451963635410936 -0.021220974834347 0.0876277285766044 0.127116598268786
fst_temp.224 1.12e+08 1.13e+08 112500000.5 543 0.23727048235542 0.157902588200194 0.364947547392406 -0.0156255098038389 0.0281983982771384 0.0449213015821236
fst_temp.225 112500000 113500000 113000000.5 533 0.130383258133043 0.0699960191073075 0.188769432147427 -0.00129861028800425 0.0432417716889452 0.0427653580331989
fst_temp.226 1.13e+08 1.14e+08 113500000.5 372 0.116428892738224 0.0755514277378471 0.106537805571347 0.00616782938207017 0.076793930357407 0.0445684618933536
fst_temp.227 113500000 114500000 114000000.5 416 0.0910899652556823 0.0626724025218204 0.0362833155371312 0.00357836795822234 0.0228566142333903 0.0115885336215358
fst_temp.228 1.14e+08 1.15e+08 114500000.5 461 0.142608114518319 0.0654241459597546 0.11900847350449 0.0115233174417753 0.0585810486665127 0.0254244666956901
fst_temp.229 114500000 115500000 115000000.5 417 0.179646596811043 0.17644834856024 0.194225506742917 0.00970286861319083 0.0477845351867941 0.0377615464413986
fst_temp.230 1.15e+08 1.16e+08 115500000.5 310 0.0889634132048418 0.177295800977532 0.125635841225923 -0.0093573174890548 -0.0315029828062158 0.0410175879396985
fst_temp.231 115500000 116500000 116000000.5 207 0.0875433597386722 0.319748748792329 0.196707351688901 0.0980281411413286 0.039373541490818 0.320004843787842
fst_temp.232 1.16e+08 1.17e+08 116500000.5 290 0.0713677039576638 0.315244813772608 0.276099925428784 0.0922316438240339 0.096659860538583 0.331509862622832
fst_temp.233 116500000 117500000 117000000.5 430 0.145935897279842 0.167574766406736 0.194343207799894 0.010212003498168 0.158362567258836 0.176148073088213
fst_temp.234 1.17e+08 1.18e+08 117500000.5 509 0.140629236798524 0.106354260237315 0.174149295019265 0.0120311962987442 0.194619558536885 0.245947141428053
fst_temp.235 117500000 118500000 118000000.5 501 0.0549838988602053 0.0516527917948472 0.189418871068527 0.00626334848839211 0.194872336949732 0.291914629426246
fst_temp.236 1.18e+08 1.19e+08 118500000.5 404 0.0831693986829159 0.0543632858427952 0.15122387392422 -0.0138278111680047 0.186265192330772 0.197159390952297
fst_temp.237 118500000 119500000 119000000.5 373 0.155804547544645 0.126145095673858 0.0880986336660993 0.056526789430362 0.0693480210067888 0.0588017409019354
fst_temp.238 1.19e+08 1.2e+08 119500000.5 483 0.113415085425704 0.10469047144934 0.102984302225289 0.0443167781381308 0.0321953518513064 0.074593965240939
fst_temp.239 119500000 120500000 120000000.5 388 0.0615273711704462 0.0534583457515736 0.174778119380475 -0.00541513147066812 0.0852199653688363 0.115617192509231
fst_temp.240 1.2e+08 1.21e+08 120500000.5 411 0.0735029545728137 0.0607745740238666 0.124818456504683 0.00365729481851851 0.0255927995236127 0.0526621452595236
fst_temp.241 120500000 121500000 121000000.5 557 0.10752748495064 0.109607313018162 0.107706729820407 0.049190467724637 0.0537025150690187 0.00840352880760948
fst_temp.242 1.21e+08 1.22e+08 121500000.5 679 0.0820298707333596 0.0823886350876581 0.0812894563016384 0.0253757992005831 0.0554906687209563 0.0126182859361221
fst_temp.243 121500000 122500000 122000000.5 630 0.0496069193190077 0.0634819015989334 0.137157929442796 -0.0184602994067613 0.0383383414841693 0.0210969741196225
fst_temp.244 1.22e+08 1.23e+08 122500000.5 325 0.0839639288917276 0.140683788497838 0.32324180552296 -0.00380590228982392 0.168460737985977 0.108109846476214
fst_temp.245 122500000 123500000 123000000.5 1156 0.074157577221081 0.0642886611683665 0.061056056265587 -0.020462856291478 -0.0155055842792596 -0.0383362616520926
fst_temp.246 1.23e+08 1.24e+08 123500000.5 1208 0.0664565671086865 0.0538760731940797 0.0311799470144691 -0.0219321809950613 -0.0324572748976285 -0.0467116167300252
fst_temp.247 123500000 124500000 124000000.5 222 0.0860335137267921 0.117915461235268 0.120184515646428 0.00485071710298582 0.0756721954808842 0.0305503286797887
fst_temp.248 1.24e+08 1.25e+08 124500000.5 158 0.116476752777533 0.119736707542697 0.21226345899956 -0.0268083437267374 0.0799091472227958 0.0297421405863652
fst_temp.249 124500000 125500000 125000000.5 151 0.0833667404528262 0.050949708833583 0.25 -0.0356748478305909 0.126851496247703 0.0980155867916894
fst_temp.250 1.25e+08 1.26e+08 125500000.5 340 0.136859793899488 0.0851277636859086 0.207114929236191 -0.0107834139268892 0.0906973140237654 0.0503941577598298
fst_temp.251 125500000 126500000 126000000.5 504 0.132854615661344 0.119195672831377 0.194023092596785 0.000528768993172587 0.0608110633526443 0.0271048547006008
fst_temp.252 1.26e+08 1.27e+08 126500000.5 403 0.14341231948187 0.18824628819907 0.183914330423635 0.0190380809916434 0.0482556035675514 0.0441699478909326
fst_temp.253 126500000 127500000 127000000.5 344 0.215702788044583 0.259301236686599 0.16469789545146 0.00883805809318821 0.0205099284675433 0.0454209696935588
fst_temp.254 1.27e+08 1.28e+08 127500000.5 361 0.17933260010573 0.185477464445043 0.150859701744751 0.00718888213907941 0.00511513078276024 -0.00204413651886705
fst_temp.255 127500000 128500000 128000000.5 410 0.149136922856521 0.0627061646173452 0.141907635891363 0.0458308411556051 0.0214161790839298 0.00442156607215997
fst_temp.256 1.28e+08 1.29e+08 128500000.5 424 0.118389440674623 0.0511533792274277 0.138119028836883 0.0461021102390901 0.0538435423638392 0.0421252580762691
fst_temp.257 128500000 129500000 129000000.5 328 0.107685009665981 0.137124050829527 0.144633995697825 0.0211011195603459 0.0577856197617997 0.0365650258235826
fst_temp.258 1.29e+08 1.3e+08 129500000.5 333 0.171232059972956 0.226138691073903 0.148513097584199 0.0407437917902189 0.0417246995522205 0.0674424127285681
fst_temp.259 129500000 130500000 130000000.5 390 0.260134406498541 0.21004844840135 0.249831390307351 0.0487599019881736 0.0739486077831942 0.0928631895900605
fst_temp.260 1.3e+08 1.31e+08 130500000.5 432 0.292555328747297 0.181291786093198 0.242063281980694 0.0286923182416008 0.0633715572328912 0.0475853808280962
fst_temp.261 130500000 131500000 131000000.5 463 0.228836180194378 0.130944099568761 0.256093141965875 0.0223543538474322 0.133583737848934 0.103080783856932
fst_temp.262 1.31e+08 1.32e+08 131500000.5 492 0.136163516001809 0.0981035414247306 0.264383818371663 0.0047394113486056 0.167476958868971 0.14148581784775
fst_temp.263 131500000 132500000 132000000.5 562 0.133163135786671 0.133282567380883 0.226002714466233 0.0001252003196194 0.0768534538913561 0.10395672393516
fst_temp.264 1.32e+08 1.33e+08 132500000.5 519 0.156476414846177 0.134138340592565 0.173067494688675 0.00398608393789198 0.0566950246200494 0.0816041686051921
fst_temp.265 132500000 133500000 133000000.5 495 0.188803601593371 0.17023856216734 0.150706033376123 -0.00568990849201273 0.0894693890321454 0.0734824628081225
fst_temp.266 1.33e+08 1.34e+08 133500000.5 502 0.203938173647996 0.173317961622747 0.257499496678075 0.0105842786265745 0.105161176677823 0.13846541755823
fst_temp.267 133500000 134500000 134000000.5 485 0.142990687397747 0.0625028300122825 0.258897997302065 0.0241158083163351 0.173923928100539 0.158266502964917
fst_temp.268 1.34e+08 1.35e+08 134500000.5 551 0.124004303760677 0.0797079889615372 0.206737120211361 0.00566293686554404 0.153803878084152 0.0957792163300655
fst_temp.269 134500000 135500000 135000000.5 517 0.108438999090364 0.108841090319402 0.1438842859149 -0.00102170455857921 0.0625681516979908 0.0309635753287728
fst_temp.270 1.35e+08 1.36e+08 135500000.5 488 0.102839810973453 0.092511325199202 0.222231171969392 -0.010054449824956 0.0838819005409633 0.0522539716611565
fst_temp.271 135500000 136500000 136000000.5 502 0.158335136558178 0.146602905701332 0.239151769631166 -0.0211138528268957 0.0972349502291041 0.0848745882949076
fst_temp.272 1.36e+08 1.37e+08 136500000.5 469 0.272538060485832 0.220951162697686 0.226098249070798 -0.00161522295881729 0.0762544950887582 0.0450231612247204
fst_temp.273 136500000 137500000 137000000.5 538 0.256966140382864 0.193716883793503 0.283201103828907 0.00614554620521973 0.0740836638944414 0.0727041676501332
fst_temp.274 1.37e+08 1.38e+08 137500000.5 494 0.151090234578298 0.136203977591918 0.243994578539089 0.00231997271089709 0.0376816121542348 0.102523052268634
fst_temp.275 137500000 138500000 138000000.5 530 0.153990776431335 0.159220328138807 0.281195870101884 0.00969647476823174 0.156416058319426 0.150026661082516
fst_temp.276 1.38e+08 1.39e+08 138500000.5 616 0.163143216819826 0.161384765842607 0.227492168785701 0.00168844712215636 0.151911084715564 0.131786910957439
fst_temp.277 138500000 139500000 139000000.5 540 0.15772912873704 0.1046023474553 0.116451836451837 0.0742577899952439 0.140918367597543 0.0785559766045776
fst_temp.278 1.39e+08 1.4e+08 139500000.5 466 0.138330757876749 0.0825631277735944 0.122408731652239 0.11912889849239 0.165594448102933 0.123934115704094
fst_temp.279 139500000 140500000 140000000.5 491 0.0910191034292041 0.0814464668629984 0.150728652294351 0.0362211178229829 0.139463733038235 0.126017314468671
fst_temp.280 1.4e+08 1.41e+08 140500000.5 506 0.128566505099983 0.0846727551203918 0.230963731661706 0.0104993222529906 0.239741446677259 0.136464893983272
fst_temp.281 140500000 141500000 141000000.5 443 0.185450976784126 0.139851603010201 0.247074007802646 0.00652134857689504 0.220379675821756 0.151536964530401
fst_temp.282 1.41e+08 1.42e+08 141500000.5 457 0.124099898054782 0.129939546471292 0.163060042669918 0.0214655123602538 0.108819585622215 0.0938266159227763
fst_temp.283 141500000 142500000 142000000.5 538 0.148349068153413 0.111080198810832 0.209680332309915 0.0656118912024826 0.0949000266656334 0.106230778214661
fst_temp.284 1.42e+08 1.43e+08 142500000.5 505 0.190499136963281 0.19784895267368 0.301294094462327 0.0745905876344108 0.0830102783924429 0.133584035969484
fst_temp.285 142500000 143500000 143000000.5 465 0.0907381201229533 0.181714843120056 0.194886071273073 0.0917195129535142 0.0661019582275354 0.180832389473724
fst_temp.286 1.43e+08 1.44e+08 143500000.5 554 0.063378884621703 0.111392873580189 0.142707978663035 0.0783232514003246 0.0803263172127823 0.141755091362985
fst_temp.287 143500000 144500000 144000000.5 651 0.105234404061251 0.096806553924668 0.156281335052285 0.0134902886108171 0.101448469990788 0.06075225829099
fst_temp.288 1.44e+08 1.45e+08 144500000.5 634 0.105980430980675 0.0930253647746471 0.13456378943473 -0.0134939668689657 0.0614820734698377 0.0432534199275821
fst_temp.289 144500000 145500000 145000000.5 597 0.0631484356594234 0.0644561221380214 0.13649661077417 -0.00268234074571133 0.0817936825547369 0.0990947036417385
fst_temp.290 1.45e+08 1.46e+08 145500000.5 770 0.0336078094664927 -0.00590747575666594 0.0865072977617298 -0.0155582115834025 0.101970254591468 0.108747285212248
fst_temp.291 145500000 146500000 146000000.5 689 0.0433999525311245 0.00421177812909702 0.0337479608482871 0.0026852236863169 0.112479454163542 0.0838397138589734
fst_temp.292 1.46e+08 1.47e+08 146500000.5 461 0.162817595583453 0.163331859378937 0.157140950940711 0.050795231550594 0.103888898831362 0.0638727206147842
fst_temp.293 146500000 147500000 147000000.5 486 0.138061902457895 0.203202983210713 0.237772172450784 0.0719213480069656 0.0711745725804976 0.10482408568262
fst_temp.294 1.47e+08 1.48e+08 147500000.5 474 0.0604025486170684 0.120011556802192 0.207214230033307 0.0466424391303381 0.0754212237152634 0.126947020110264
fst_temp.295 147500000 148500000 148000000.5 427 0.0817274542145025 0.106161557408547 0.171022409833013 0.000114273008162893 0.0270726743633148 0.031572995589732
fst_temp.296 1.48e+08 1.49e+08 148500000.5 428 0.0803903232613365 0.0906916293806157 0.168906569186109 -0.00710504130276864 0.0760844508929177 0.0822177369526713
fst_temp.297 148500000 149500000 149000000.5 356 0.0644480464893205 0.0553566134473002 0.163742439191798 -0.0254789318250278 0.0712449275422515 0.0917775539415788
fst_temp.298 1.49e+08 1.5e+08 149500000.5 379 0.0788560582439017 0.0513005384514209 0.107329287442176 0.00599797152355991 -0.0153523539991987 0.0243818277352113
fst_temp.299 149500000 150500000 150000000.5 363 0.0620260246491437 0.0352874864613738 0.0775716293138353 0.0101526573708905 -0.0169421548533597 0.0182308771720308
fst_temp.300 1.5e+08 1.51e+08 150500000.5 124 -0.0104795238704682 -0.0124317311289901 0.032181168057211 -0.0279848334049968 -0.037173256272166 -0.0261580210927266
