low_bound_FST upper_bound_FST mid_wind_FST Nb_SNP_FST FST_POP1_POP2 FST_POP1_POP3 FST_POP1_POP4 FST_POP2_POP3 FST_POP2_POP4 FST_POP3_POP4
fst_temp 0 1e+06 500000.5 219 0.165082880232693 0.0698213119635459 0.529925628615276 0.0517320327513083 0.13583395107487 0.438870180370619
fst_temp.1 5e+05 1500000 1000000.5 383 0.169862176696662 0.0528850724040686 0.48598289630175 0.0414660573054659 0.151450003505246 0.374174523046902
fst_temp.2 1e+06 2e+06 1500000.5 461 0.154884566288461 0.0998759533370558 0.397131147540984 0.0236095815770634 0.12434877633485 0.253764054133475
fst_temp.3 1500000 2500000 2000000.5 415 0.131086421370998 0.141148689629324 0.283968368080518 0.0229461518098186 0.0754032446921577 0.154582682149993
fst_temp.4 2e+06 3e+06 2500000.5 487 0.0589828549857257 0.0899157614072688 0.154135992116399 0.00977379724580912 0.0557696889848207 0.109179588317961
fst_temp.5 2500000 3500000 3000000.5 481 0.0807562105186006 0.108412110412179 0.122241086587436 -0.00155809413875396 0.0373706725967246 0.0592128244806857
fst_temp.6 3e+06 4e+06 3500000.5 551 0.180335686562071 0.113914769562134 0.205125781492634 0.0200320452115435 0.0728720273437904 0.0579129695157954
fst_temp.7 3500000 4500000 4000000.5 498 0.179702540338874 0.073210544794599 0.214826668138114 0.0258871320396562 0.0784013301819674 0.0600905853227333
fst_temp.8 4e+06 5e+06 4500000.5 459 0.180755020677675 0.155265538138147 0.222960089420738 0.00343207878810466 0.0847155453103839 0.0186779889506939
fst_temp.9 4500000 5500000 5000000.5 543 0.168661579526168 0.155647642462751 0.251807670520809 0.0387450599846659 0.17292470015457 0.0999364783602947
fst_temp.10 5e+06 6e+06 5500000.5 504 0.149859372746313 0.109993062459494 0.196506550218341 0.0548847384410289 0.174077806598651 0.133118958603723
fst_temp.11 5500000 6500000 6000000.5 484 0.216526485222179 0.173287401821447 0.225278537856273 0.0151856424271482 0.117855895231983 0.079128659197144
fst_temp.12 6e+06 7e+06 6500000.5 390 0.277695747657209 0.174693253196859 0.30393103004568 0.0494657254420054 0.245627778354553 0.0762829366022064
fst_temp.13 6500000 7500000 7000000.5 425 0.174251626823402 0.101197474524029 0.169117647058824 0.0487667595777685 0.18048308232223 0.0609434669635627
fst_temp.14 7e+06 8e+06 7500000.5 553 0.228204740206191 0.172415336643378 0.180971225987303 -9.64435278668438e-06 0.104923535516162 0.0729491306762867
fst_temp.15 7500000 8500000 8000000.5 607 0.255328191248967 0.193386849277915 0.247031645108588 0.00120497188017965 0.13601906567691 0.0630274043390797
fst_temp.16 8e+06 9e+06 8500000.5 502 0.180975687639463 0.138640041277625 0.20191297617073 0.0175836798614692 0.0960754487374505 0.0167943583019254
fst_temp.17 8500000 9500000 9000000.5 402 0.234583894000415 0.13416254260845 0.158443955419891 0.0500736183146614 0.116597361477573 0.0126544355251332
fst_temp.18 9e+06 1e+07 9500000.5 454 0.225874560599822 0.115636250383392 0.225002129895209 0.0707972077254966 0.183890549180175 0.12552472799814
fst_temp.19 9500000 10500000 10000000.5 549 0.161115874430291 0.114350717075574 0.210207935233659 0.0231676337885222 0.164119268353796 0.151848273524712
fst_temp.20 1e+07 1.1e+07 10500000.5 594 0.166123664575306 0.117586170723352 0.157765768919422 0.0172894437486651 0.113319978700205 0.103158364644172
fst_temp.21 10500000 11500000 11000000.5 532 0.128067018517192 0.0785862545456194 0.104468329615359 0.0304787181808236 0.0754397394136808 0.0623642058222211
fst_temp.22 1.1e+07 1.2e+07 11500000.5 743 0.0393041147044078 0.0350653728631099 0.0599156810651677 0.012759447169256 0.0285647805134925 0.0778359367129159
fst_temp.23 11500000 12500000 12000000.5 760 0.0560890443906808 0.0548819324991705 0.1008 0.0116421593561656 0.0222516317261708 0.0783763832083174
fst_temp.24 1.2e+07 1.3e+07 12500000.5 494 0.171872089436782 0.127717499819034 0.212745531292382 -0.00464447988874572 0.0266695886651866 0.0434184609262524
fst_temp.25 12500000 13500000 13000000.5 509 0.126348416854548 0.09897211359146 0.148049171566007 -0.018087706672966 0.00216608961129779 0.01646660426404
fst_temp.26 1.3e+07 1.4e+07 13500000.5 571 0.106167460114857 0.0946500960379613 0.108381960465011 0.0364061790211619 -0.00574126737135806 0.0389332555319424
fst_temp.27 13500000 14500000 14000000.5 476 0.145275918497557 0.112527763664218 0.109576720308846 0.0544559513695924 -0.0112282868331681 0.0329007203799679
fst_temp.28 1.4e+07 1.5e+07 14500000.5 395 0.101624138783537 0.0635997059349976 0.03125422289145 0.0301556387342774 -0.00922285396904279 -0.0187200107421076
fst_temp.29 14500000 15500000 15000000.5 501 0.149970308816719 0.107921504389895 0.160750561317224 0.0448630872159268 0.00253830392366739 0.0464877386262574
fst_temp.30 1.5e+07 1.6e+07 15500000.5 552 0.172021107817049 0.12584299464246 0.210916489324384 0.0179166680684094 0.102562402794421 0.10781534100706
fst_temp.31 15500000 16500000 16000000.5 462 0.13224488778384 0.101918422931542 0.243284102802651 -0.0189884271986017 0.15703963816721 0.118906047619158
fst_temp.32 1.6e+07 1.7e+07 16500000.5 353 0.172363022627656 0.176143486964686 0.255900114853099 -0.0206158862305159 0.0944132301494752 0.0853623047822291
fst_temp.33 16500000 17500000 17000000.5 424 0.233524402551401 0.278954808117398 0.254327521302903 0.0358662077536736 0.0403148990392804 0.0302682862078651
fst_temp.34 1.7e+07 1.8e+07 17500000.5 551 0.236633579926018 0.238386642683976 0.312773582042512 0.0328823282656319 0.0841943987330345 0.0450848233006748
fst_temp.35 17500000 18500000 18000000.5 463 0.193620297329881 0.173278481552322 0.288173736919095 0.00891380631989963 0.17971861890128 0.139531254688954
fst_temp.36 1.8e+07 1.9e+07 18500000.5 348 0.148116700517597 0.1980807481092 0.299706170421156 0.00527480864180983 0.213485540085391 0.185246725282613
fst_temp.37 18500000 19500000 19000000.5 488 0.176213430941749 0.158815016940154 0.268230424284236 -0.00533724619257414 0.186236182658016 0.176974439629843
fst_temp.38 1.9e+07 2e+07 19500000.5 590 0.209138722149605 0.194309486612827 0.17513069454817 0.0223039645570749 0.197163291063165 0.223016855698926
fst_temp.39 19500000 20500000 20000000.5 465 0.196825372458417 0.232232231574841 0.261187397872889 0.0531448358385235 0.187505537611457 0.275446448799988
fst_temp.40 2e+07 2.1e+07 20500000.5 460 0.142500250747287 0.150641236176178 0.270851273700857 0.0435955286543402 0.130164907174387 0.164490108962109
fst_temp.41 20500000 21500000 21000000.5 623 0.220167194440266 0.206007868929831 0.350516812769855 0.033289374074238 0.078565871021401 0.0709073047505438
fst_temp.42 2.1e+07 2.2e+07 21500000.5 944 0.171042431933561 0.192713661294864 0.289358801967249 0.0223143419140678 0.024790292313613 0.0596259376373665
fst_temp.43 21500000 22500000 22000000.5 708 0.091610788969589 0.123832728157852 0.105007394886964 0.0215127151226492 0.00087914361069451 0.03682272721231
fst_temp.44 2.2e+07 2.3e+07 22500000.5 261 0.165831610316442 0.112473698186335 0.191559106740422 0.021596429045096 0.135547537486608 0.107372851311389
fst_temp.45 22500000 23500000 23000000.5 314 0.159943249283005 0.112513327664278 0.171705167248508 0.00633342057053128 0.181772514690478 0.193940082627858
fst_temp.46 2.3e+07 2.4e+07 23500000.5 434 0.100958391981424 0.104080341592161 0.0824348531449623 0.0161225318504031 0.134559864138126 0.19301696645198
fst_temp.47 23500000 24500000 24000000.5 482 0.0725336088998744 0.0887791548057207 0.155708449795743 0.0559252573357323 0.153850684051098 0.228373043769806
fst_temp.48 2.4e+07 2.5e+07 24500000.5 458 0.041177377778757 0.0751244648902881 0.24992611565363 0.061729021527736 0.154474328282355 0.217614449291405
fst_temp.49 24500000 25500000 25000000.5 416 0.118450247881171 0.105195715250932 0.185412667946257 0.0323131282342551 0.108097535532664 0.0958623454132458
fst_temp.50 2.5e+07 2.6e+07 25500000.5 384 0.135711365023631 0.0969974426661094 0.147794796524704 0.0154709069872415 0.09874494647505 0.0878255122273628
fst_temp.51 25500000 26500000 26000000.5 910 0.0343511116170328 0.0381836060404476 0.115871181820875 0.00898668014106917 0.092752571939105 0.0907711207947533
fst_temp.52 2.6e+07 2.7e+07 26500000.5 1479 0.0303167873873323 0.0343977608743209 0.181766954877879 0.00655793066589147 0.15173688947067 0.128557667798578
fst_temp.53 26500000 27500000 27000000.5 1165 0.0412851606982681 0.0454247996181797 0.255081008001064 -0.00120433350636134 0.176312725375727 0.168149273938307
fst_temp.54 2.7e+07 2.8e+07 27500000.5 627 0.105682324528334 0.111860876844118 0.27503751875938 -0.0222284300392375 0.0936816713453427 0.127388060262855
fst_temp.55 27500000 28500000 28000000.5 387 0.123097090921694 0.137277310981792 0.260179893908721 -0.0433159323129603 0.0464062627978256 0.0910076263953216
fst_temp.56 2.8e+07 2.9e+07 28500000.5 299 0.160346752223987 0.21001009296264 0.557741077503557 -0.0240785636943385 0.180680585165839 0.161214285816824
fst_temp.57 28500000 29500000 29000000.5 325 0.18176020207796 0.205504954525353 0.468196202531646 0.0178695576435281 0.212125884693075 0.20525762061008
fst_temp.58 2.9e+07 3e+07 29500000.5 342 0.145627522144413 0.120845799497359 0.211551431666292 0.00985474344353748 0.124206814147999 0.143078163522654
fst_temp.59 29500000 30500000 30000000.5 281 0.168738230113229 0.132138318073429 0.171884916437487 -0.0305808781114673 0.0371546522705621 0.0436859760074111
fst_temp.60 3e+07 3.1e+07 30500000.5 318 0.151171446521429 0.0940949213670618 0.0882269180383892 0.0272854334963283 0.0400752513276764 0.0275099579347057
fst_temp.61 30500000 31500000 31000000.5 444 0.0877281310728418 0.0559640655199594 0.180550482370383 0.0179046058932358 0.155249896998701 0.0897100633210928
fst_temp.62 3.1e+07 3.2e+07 31500000.5 469 0.0685808993127577 0.0714482612685806 0.232911346023487 0.0260773682705921 0.147351285747769 0.133541939628332
fst_temp.63 31500000 32500000 32000000.5 442 0.0825653101288962 0.113456253840603 0.145893309117607 0.0717241750432874 0.0543909129544489 0.0922963318503203
fst_temp.64 3.2e+07 3.3e+07 32500000.5 335 0.119127528194623 0.152575130380771 0.169767152284896 0.0641854632293333 0.043297433191595 0.0225351401151019
fst_temp.65 32500000 33500000 33000000.5 260 0.145486545264917 0.105954069973979 0.135810926528515 0.0505126124388094 -0.000844917186541511 -0.00756082847375828
fst_temp.66 3.3e+07 3.4e+07 33500000.5 284 0.135458456025243 0.164322516409052 0.255759285378467 0.0349861040207683 0.034784202585903 -0.00141330081067508
fst_temp.67 33500000 34500000 34000000.5 291 0.14030756830452 0.228736617017081 0.322592787773846 0.00726654287002283 0.0445258166965065 0.0263642477422661
fst_temp.68 3.4e+07 3.5e+07 34500000.5 374 0.215373373125042 0.193122949814393 0.282282824634278 -0.00559817262329082 0.0534600207226472 0.0601449484595617
fst_temp.69 34500000 35500000 35000000.5 352 0.194665256283626 0.152507152840077 0.217043808382037 -0.0168712728255594 0.0567884446622973 0.0422846163438933
fst_temp.70 3.5e+07 3.6e+07 35500000.5 245 0.0634811011893919 0.0892757804743666 0.0654874710465361 -0.00565703022481325 0.0657369169318259 0.0696066085385384
fst_temp.71 35500000 36500000 36000000.5 264 0.121400459193662 0.0968029800823671 0.208212608652213 0.0088994905926553 0.109517053515691 0.109532667666709
fst_temp.72 3.6e+07 3.7e+07 36500000.5 314 0.148152119826155 0.0978336745205449 0.225107918760173 0.00821820566022585 0.0394911944141995 0.0501611638644481
fst_temp.73 36500000 37500000 37000000.5 273 0.150607590874793 0.130952644306617 0.154549358856372 -0.00112493381182372 -0.0184029557869429 0.0210609799083539
fst_temp.74 3.7e+07 3.8e+07 37500000.5 307 0.167826908819376 0.135766243255549 0.135402906208719 -0.0242699986239454 -0.0152037747302779 -0.00348952277138776
fst_temp.75 37500000 38500000 38000000.5 373 0.161564732377778 0.134734381470133 0.175782849908776 -0.028972709486306 -0.00231740051016154 -0.0101517294213466
fst_temp.76 3.8e+07 3.9e+07 38500000.5 355 0.0835267964496024 0.0886380136835919 0.152177518936951 -0.0174705309344219 0.0129968860104384 0.00992788117109517
fst_temp.77 38500000 39500000 39000000.5 317 0.0475790796882 0.129563341318117 0.0748410535876476 0.0397276426053619 0.00702076211123155 0.0641163160326023
fst_temp.78 3.9e+07 4e+07 39500000.5 236 0.0616709487902653 0.156551760701859 0.0369175752901168 0.0857864102245103 0.0270380112667788 0.0918745987355409
fst_temp.79 39500000 40500000 40000000.5 828 -0.0159505729251298 -0.037154835359521 0.0189742522034839 -0.0335631520163193 0.0130887080473265 -1.59203825551402e-05
fst_temp.80 4e+07 4.1e+07 40500000.5 1234 0.037772159448103 0.00730539800035129 0.124833863442624 -0.0360924775061131 0.0495319070389876 0.0220799154241764
fst_temp.81 40500000 41500000 41000000.5 721 0.121439299244515 0.0763810433722411 0.245403377110694 0.00787122669482839 0.143943162496122 0.0636247417109967
fst_temp.82 4.1e+07 4.2e+07 41500000.5 450 0.214340045370753 0.104593339168957 0.272365805168986 0.073305804401716 0.101989738455763 0.081228027654859
fst_temp.83 41500000 42500000 42000000.5 446 0.253970707373 0.132124484598717 0.369236103085635 0.0609068592910308 0.0427754780208949 0.123523428650685
fst_temp.84 4.2e+07 4.3e+07 42500000.5 353 0.22145351563648 0.185815292349925 0.425374765088938 0.0334476534966628 0.119540803593711 0.193958437194004
fst_temp.85 42500000 43500000 43000000.5 358 0.193364179531884 0.220603333033162 0.397655720236365 -0.00536473752354951 0.103626525696127 0.205446573457137
fst_temp.86 4.3e+07 4.4e+07 43500000.5 407 0.28996493185825 0.19378552178088 0.338321785989223 0.0194423911689416 0.123818779330716 0.140297213022161
fst_temp.87 43500000 44500000 44000000.5 352 0.357662458371885 0.203370257511009 0.309703562961344 0.0351384135670849 0.0817935261174316 0.070615797163664
fst_temp.88 4.4e+07 4.5e+07 44500000.5 345 0.174122629268165 0.096806959140391 0.177991486678228 0.0208167623923155 -0.016961622660699 0.0448291128032584
fst_temp.89 44500000 45500000 45000000.5 397 0.0494709535948383 0.0125857834795027 0.0727491961414791 0.00732693780707158 -0.027230914569815 0.025852149298927
fst_temp.90 4.5e+07 4.6e+07 45500000.5 437 0.10485697580969 0.0508358920187808 0.129990657116163 0.0134831039719756 0.00440105386591557 0.0369777865827988
fst_temp.91 45500000 46500000 46000000.5 370 0.118095857145638 0.0477775037720756 0.171258742442973 0.018482529702854 0.0201071745837672 0.042823294234141
fst_temp.92 4.6e+07 4.7e+07 46500000.5 299 0.0332989739740946 0.0212652441588474 0.136529814682523 -0.0225459376626709 0.0121830754033586 0.00525982417755794
fst_temp.93 46500000 47500000 47000000.5 320 0.0922189387341136 0.030364591152485 0.212516093792673 0.0102943698464419 0.0398655979839698 0.0916377414482923
fst_temp.94 4.7e+07 4.8e+07 47500000.5 395 0.110764519296093 0.130065453460938 0.219048224965008 0.0175059843848979 0.0379824287205954 0.106827832585203
fst_temp.95 47500000 48500000 48000000.5 363 0.116781606471722 0.184159531612096 0.174001579187965 -0.00611602068453601 0.033858839073945 0.0618772201230063
fst_temp.96 4.8e+07 4.9e+07 48500000.5 270 0.113016667223085 0.110371561194344 0.326078878921386 -0.0200997034756429 0.0950978106521417 0.096303974901155
fst_temp.97 48500000 49500000 49000000.5 329 0.0406638848920278 0.0963796748909443 0.366208874132206 -0.0109999984754769 0.109380250381258 0.0998522634188011
fst_temp.98 4.9e+07 5e+07 49500000.5 282 0.00598810369545542 0.0960180452532693 0.258932314141289 0.0147935948313713 0.0718066886716074 0.0970536061956475
fst_temp.99 49500000 50500000 50000000.5 206 -0.00243144481542333 0.0467656035981715 0.135578465063001 0.0130183398701558 0.096265108951749 0.167738843327298
fst_temp.100 5e+07 5.1e+07 50500000.5 260 0.0564016773496603 0.132321259643362 0.136524190673709 0.015611397494314 0.108823853760234 0.188193310631152
fst_temp.101 50500000 51500000 51000000.5 287 0.211885940254492 0.261550115618758 0.216630196936543 0.00904193343818909 0.0666543890343204 0.151282010209752
fst_temp.102 5.1e+07 5.2e+07 51500000.5 263 0.264050854086786 0.28165379896271 0.247014984123652 -0.0210897398991129 0.00140220670509751 0.0554659136748689
fst_temp.103 51500000 52500000 52000000.5 212 0.173010729916491 0.193499988164323 0.192078262944405 -0.0262077968506026 0.0140019700011221 0.0506280144887928
fst_temp.104 5.2e+07 5.3e+07 52500000.5 336 0.180784413271969 0.198204442609208 0.416332473370967 -0.0106502241175121 0.0692273726824022 0.136799050422647
fst_temp.105 52500000 53500000 53000000.5 396 0.124747446458824 0.133803853877332 0.312643549380987 -0.0176229833228962 0.0437146508688561 0.0768555373448841
fst_temp.106 5.3e+07 5.4e+07 53500000.5 308 0.0482239206288129 0.0364243378972289 0.165838127688097 -0.0319672485785037 0.0694321046434022 0.0286550230044222
fst_temp.107 53500000 54500000 54000000.5 263 0.103470187520929 0.0896643810636233 0.197414836367382 -0.0206652877437799 0.0943840318440105 0.0763222055999296
fst_temp.108 5.4e+07 5.5e+07 54500000.5 283 0.118834550081622 0.0565043787538167 0.0970596797671033 0.0395092864539181 0.0682531352746512 0.0606812552831455
fst_temp.109 54500000 55500000 55000000.5 384 0.113822453822084 0.017819962196365 0.132580402280305 0.0643475641014674 0.120914061273634 0.0716156353148429
fst_temp.110 5.5e+07 5.6e+07 55500000.5 393 0.124399726912811 0.0433722724657889 0.104815073272854 0.0416282279486439 0.115191289998293 0.028242257689462
fst_temp.111 55500000 56500000 56000000.5 426 0.197315017556149 0.114279763364497 0.194005670311867 0.0204368737261369 0.100225521880763 0.0495691983230884
fst_temp.112 5.6e+07 5.7e+07 56500000.5 470 0.312111468840174 0.202746579409498 0.420132577051869 0.0236008074285493 0.109000424461272 0.133716382264373
fst_temp.113 56500000 57500000 57000000.5 419 0.310410936349355 0.267779072824571 0.43881012695732 0.0154536813162505 0.112552297356479 0.159869991199379
fst_temp.114 5.7e+07 5.8e+07 57500000.5 369 0.160817546073899 0.188964851150108 0.278161945126032 -0.00242342177030011 0.131976119888927 0.145227308490355
fst_temp.115 57500000 58500000 58000000.5 266 0.0430123703684567 0.0699630878233531 0.176127030480015 -0.00993044011204159 0.0883278336275036 0.0971636831749133
fst_temp.116 5.8e+07 5.9e+07 58500000.5 274 0.030943869205138 0.0611953879275321 -0.00691531572384083 -0.0180216981953612 -0.00892446904544398 0.00609379821042889
fst_temp.117 58500000 59500000 59000000.5 377 0.0974757576216374 0.0930728881455159 0.115036622145627 -0.0123469926458251 0.0468553606503594 0.0729078333009798
fst_temp.118 5.9e+07 6e+07 59500000.5 286 0.120860217853235 0.125958594829871 0.271814089051969 0.00985280674295542 0.150273482492113 0.135997074709185
fst_temp.119 59500000 60500000 60000000.5 160 0.0433433905552825 0.105050285328618 0.277463375476621 0.0266355855437649 0.218855218855219 0.105457223245723
fst_temp.120 6e+07 6.1e+07 60500000.5 232 0.13320326337412 0.180946843769595 0.286889043317118 0.0161777892313834 0.130895497733266 0.0298736755975988
fst_temp.121 60500000 61500000 61000000.5 507 0.0692519553555781 0.101251318556478 0.100227215349659 -0.0117143691864027 0.0559385908546222 0.0259126623821287
fst_temp.122 6.1e+07 6.2e+07 61500000.5 493 0.0578149183916419 0.096869464647396 0.0447340612891863 -0.00750840890931694 0.0361909166702166 0.0220641075250136
fst_temp.123 61500000 62500000 62000000.5 308 0.222225672276906 0.309664694280079 0.248787859706568 0.0381175442234482 0.0235512810151135 0.0382291182699676
fst_temp.124 6.2e+07 6.3e+07 62500000.5 261 0.236655055129471 0.323387919593174 0.267485012846132 0.0423365990340473 0.00381521489312801 0.0640942689955119
fst_temp.125 62500000 63500000 63000000.5 293 0.308683310872921 0.377541120070028 0.224107577630445 0.00875015336309964 0.0722249646790475 0.133187873325639
fst_temp.126 6.3e+07 6.4e+07 63500000.5 288 0.32898908978569 0.370639461061391 0.324355262271901 -0.00447998520866986 0.154244726908864 0.190060619468458
fst_temp.127 63500000 64500000 64000000.5 216 0.236081829776557 0.285432632893714 0.365319254248474 0.00560523188112421 0.185394171823146 0.264122788972573
fst_temp.128 6.4e+07 6.5e+07 64500000.5 243 0.179696932657995 0.279979182773745 0.332358829324097 0.0175795161209834 0.0869184470607859 0.120325199789617
fst_temp.129 64500000 65500000 65000000.5 228 0.115359746796555 0.227143530487195 0.315443592552026 0.0158645142406907 0.055581768425026 0.0536618110280144
fst_temp.130 6.5e+07 6.6e+07 65500000.5 168 0.0830975953033366 0.216519887983802 0.2002772002772 0.0589108721653463 0.0689515730448145 0.0451845566397964
fst_temp.131 65500000 66500000 66000000.5 139 0.170858861018247 0.205734346502881 0.199503802383906 0.0673605547635901 0.0425289879657533 0.0397291237815005
fst_temp.132 6.6e+07 6.7e+07 66500000.5 125 0.214280487375204 0.200570724891657 0.259555382215289 -0.00506591861033071 -0.0286016016896946 -0.000301332084333684
fst_temp.133 66500000 67500000 67000000.5 214 0.27133273095713 0.270958116306368 0.313513651572038 -0.0123202333774596 -0.0367307185681327 0.0240543226973721
fst_temp.134 6.7e+07 6.8e+07 67500000.5 278 0.312027673079625 0.253818040678358 0.355547963100669 0.00629453609113596 0.0714744163045423 0.145562230452947
fst_temp.135 67500000 68500000 68000000.5 172 0.293216167151147 0.169289577272402 0.334307992202729 0.024295969375393 0.146841064378173 0.199957776348998
fst_temp.136 6.8e+07 6.9e+07 68500000.5 105 0.315107402035077 0.203589051175842 0.314191960623462 0.0835438273783852 0.225977384913814 0.282306050426712
fst_temp.137 68500000 69500000 69000000.5 181 0.224891048654906 0.194640882456504 0.373576309794989 0.0794007033802909 0.243730113849277 0.205925548788846
fst_temp.138 6.9e+07 7e+07 69500000.5 269 0.147156632670085 0.167732347146857 0.371578143745229 0.033388509691685 0.234858787996538 0.122255366576891
fst_temp.139 69500000 70500000 70000000.5 338 0.105775963073064 0.141030741010851 0.358234448040273 -0.0174230792883177 0.216538608481555 0.138618106200327
fst_temp.140 7e+07 7.1e+07 70500000.5 319 0.0675597812861246 0.128940180802476 0.264531435349941 -0.0253489075921782 0.191198313662359 0.191835588292599
fst_temp.141 70500000 71500000 71000000.5 228 0.0769113354066894 0.124324031810202 0.199242711094282 -0.0105920382575285 0.126185917277321 0.239153382318614
fst_temp.142 7.1e+07 7.2e+07 71500000.5 254 0.0794463535177909 0.0583738040310519 0.0995486196158018 0.0215715096129809 0.0218709728643584 0.0733532431797591
fst_temp.143 71500000 72500000 72000000.5 276 0.114545135266349 0.0581357954073932 0.0896565298691073 0.031699414034371 0.00279227063888488 0.00696797896937257
fst_temp.144 7.2e+07 7.3e+07 72500000.5 237 0.212530416198106 0.0769668293394806 0.231668127373649 0.0418989115593503 0.0351355076696882 0.0495337426976244
fst_temp.145 72500000 73500000 73000000.5 224 0.330593923337772 0.105599941742234 0.292066327521261 0.0797879335237962 0.128266170505368 0.0621213488136464
fst_temp.146 7.3e+07 7.4e+07 73500000.5 218 0.280977315972189 0.127467671451494 0.253279655722912 0.0751947247830528 0.193689745836985 0.0495689655172414
fst_temp.147 73500000 74500000 74000000.5 189 0.180841479648778 0.152151870987757 0.244966182072611 0.0469914468365524 0.225660519619239 0.0467152786348037
fst_temp.148 7.4e+07 7.5e+07 74500000.5 202 0.292052903226523 0.239792437358772 0.224668751410426 0.0296856143454273 0.130396814044703 0.0116468194341532
fst_temp.149 74500000 75500000 75000000.5 416 0.308719839479791 0.32233543762973 0.155133181635658 -0.00805869634530226 0.0819376304065866 0.0704590487330116
fst_temp.150 7.5e+07 7.6e+07 75500000.5 399 0.255101651006465 0.304487538640283 0.144024595854408 -0.0179957445142089 0.0829459361954337 0.115581644829623
fst_temp.151 75500000 76500000 76000000.5 167 0.193584573787583 0.240839737550178 0.248865166857884 -0.0234668311345937 0.00808745607674717 0.0591375160573753
fst_temp.152 7.6e+07 7.7e+07 76500000.5 416 0.210158487581036 0.267640853996503 0.265344133822987 -0.0382226406766105 -0.0305834424559872 -0.0098221767060795
fst_temp.153 76500000 77500000 77000000.5 1029 0.236704720978194 0.283896726194428 0.282884661445669 -0.0503333501890542 -0.0256802373825361 -0.0124380847550908
fst_temp.154 7.7e+07 7.8e+07 77500000.5 1036 0.232656964410061 0.267421860715336 0.267903451027329 -0.0539697150868726 -0.0316093817346826 -0.0264603828409363
fst_temp.155 77500000 78500000 78000000.5 426 0.203179655897236 0.217336506184991 0.22284184697747 -0.0433369387317854 -0.0475237408762955 -0.0380774933666302
fst_temp.156 7.8e+07 7.9e+07 78500000.5 156 0.288451576683473 0.233983202928054 0.229085222830336 -0.0169960893792108 -0.0540902608720704 -0.0471422565441551
fst_temp.157 78500000 79500000 79000000.5 89 0.268847334728098 0.204946977369589 0.18637871504976 -0.020303905094672 -0.0284063553201733 -0.0486280947435425
fst_temp.158 7.9e+07 8e+07 79500000.5 4 0.222923310039125 0.245503905698081 0.0597243491577336 -0.0435076106675917 -0.0498474059003052 -0.0167636327778325
fst_temp.159 79500000 80500000 80000000.5 30 0.008517306884927 0.0489436201365641 -0.0269205515430072 -0.0594642111780591 -0.0375098437435238 -0.0109366464824909
fst_temp.160 8e+07 8.1e+07 80500000.5 141 0.0423392844075989 0.104112640633646 -0.00764315248715698 -0.0247659476900639 -0.0438507764621884 0.0203594682652128
fst_temp.161 80500000 81500000 81000000.5 154 0.0773838170558012 0.165947571368595 0.0343733474352195 0.00613876804727438 -0.0420270124680463 0.0731673883038061
fst_temp.162 8.1e+07 8.2e+07 81500000.5 141 0.134122186837123 0.204555668263119 0.189108467320424 0.0594843300777176 0.0256882939927063 0.229973085584702
fst_temp.163 81500000 82500000 82000000.5 140 0.123551195302129 0.141322909176037 0.19602872834812 0.0457965473949011 0.0285793070847531 0.185666448491082
fst_temp.164 8.2e+07 8.3e+07 82500000.5 193 0.00186539638162162 0.00996801473340776 -0.018107580330197 -0.0175617897789965 -0.0506131007551699 -0.0394403239705318
fst_temp.165 82500000 83500000 83000000.5 700 -0.00546835076311458 -0.0216243420654055 -0.0267369698100882 -0.019459605738508 -0.0110031861512067 -0.043800311887772
fst_temp.166 8.3e+07 8.4e+07 83500000.5 704 0.0180180299232616 -0.0156393015401624 0.0698963957390924 -0.0100932482605652 0.0269418853825162 0.0155031119938746
fst_temp.167 83500000 84500000 84000000.5 328 0.00629021517371259 -0.0235456012283035 0.264369044438507 -0.00576991146802649 0.124295461287452 0.21591540867148
fst_temp.168 8.4e+07 8.5e+07 84500000.5 252 -0.0436761469635069 -0.0476684941759291 0.248040223974403 -0.0180005621629513 0.167188893610464 0.273511615920056
fst_temp.169 84500000 85500000 85000000.5 135 -0.0306735737017193 -0.0419550687228096 0.26530612244898 -0.016873025657851 0.223886360092373 0.301507595563592
fst_temp.170 8.5e+07 8.6e+07 85500000.5 98 -0.0316017164489464 -0.0260160951065074 0.257374268045751 -0.0313262067387727 0.25442390876917 0.295615417881506
fst_temp.171 85500000 86500000 86000000.5 117 -0.0404053375428969 -0.0290563325015116 0.185499343633243 -0.0410667822559462 0.220102270852807 0.218986311465042
fst_temp.172 8.6e+07 8.7e+07 86500000.5 542 -0.017972220948052 -0.00974998634574473 0.112760533813165 -0.036881344904804 0.10551518195885 0.116023907877423
fst_temp.173 86500000 87500000 87000000.5 580 -0.0152597863905205 0.00297790891407978 0.120900975903057 -0.0330564424869573 0.0914068758925773 0.111724092763022
fst_temp.174 8.7e+07 8.8e+07 87500000.5 361 0.0146946507843091 0.116783117383761 0.243348475016223 0.0126505376711457 0.0919238276098539 0.0345852480887741
fst_temp.175 87500000 88500000 88000000.5 419 0.0551488999086063 0.163305936296333 0.227666993009395 0.0192478957073662 0.0404348557172614 -0.0336689172896069
fst_temp.176 8.8e+07 8.9e+07 88500000.5 375 0.0322612960800525 0.0826293546238026 0.0401959259835174 -0.0143718852087672 -0.0598004063827439 -0.0733504587155963
fst_temp.177 88500000 89500000 89000000.5 737 -0.0109726218182577 0.0440989978249294 -0.0210132837743659 0.00138865985644729 -0.064992916929583 -0.0624299581722042
fst_temp.178 8.9e+07 9e+07 89500000.5 650 0.00836321932864811 0.108576862127445 -0.00398717478496467 0.0303198332904246 -0.0484637388603676 -0.00899501604424115
fst_temp.179 89500000 90500000 90000000.5 262 0.0522191435258816 0.200999814682405 0.0186733996107517 0.0612401139348869 -0.00480152953701088 0.140788057431396
fst_temp.180 9e+07 9.1e+07 90500000.5 369 0.027084631783035 0.107625453989834 0.0377568675783935 0.0083343831989395 0.0235786630654963 0.114133260597175
fst_temp.181 90500000 91500000 91000000.5 302 0.0295444243531399 0.122362144067089 0.0380446333687567 0.0148870465590268 0.0491666849171065 0.145084626572264
fst_temp.182 9.1e+07 9.2e+07 91500000.5 509 0.0332241640163969 0.0332289405626564 0.029226287653254 0.0045779170350178 -0.00675598305278828 0.0577204805156753
fst_temp.183 91500000 92500000 92000000.5 705 0.0186292189886734 0.00802089764524636 0.0335294313897755 -0.00149581479444805 -0.021824686940966 0.0473945340917003
fst_temp.184 9.2e+07 9.3e+07 92500000.5 311 0.00993827704912508 0.0339931926958686 0.0356113479907577 0.0155773249249536 -0.0221407417853617 0.0840661273302849
fst_temp.185 92500000 93500000 93000000.5 63 0.0999804343572687 0.134689119965645 0.0575916230366492 0.111077347331796 -0.0386824971275373 0.14236641221374
fst_temp.186 9.3e+07 9.4e+07 93500000.5 64 0.122051249756464 0.173848701725525 0.113323124042879 0.109697458092956 -0.0376301040832666 0.0473306517963251
fst_temp.187 93500000 94500000 94000000.5 73 0.0944749387783153 0.18077751051764 0.0943396226415095 0.0567748902221233 -0.0211633169173433 -0.00905868452146513
fst_temp.188 9.4e+07 9.5e+07 94500000.5 162 0.0461934535135228 0.0916506254671759 0.0556862745098039 -0.00574179990942817 0.0106523631907644 -0.00732319453894081
fst_temp.189 94500000 95500000 95000000.5 410 0.0584749398594422 0.110328357456569 0.0590486604702023 0.00349626761833087 0.029865896036589 0.0172471357918112
fst_temp.190 9.5e+07 9.6e+07 95500000.5 387 0.0693367435726728 0.131762002587672 0.0745164960182025 0.0191350544858945 0.0471927992441196 0.0319713143345811
fst_temp.191 95500000 96500000 96000000.5 208 0.0444442531169211 0.106939158301637 0.0530221819081389 0.0161242244559418 0.0126558661649927 0.0256835128417564
fst_temp.192 9.6e+07 9.7e+07 96500000.5 288 0.0113331788169992 0.050606475073506 0.00937500000000003 -0.00690095717293173 -0.0215167708410071 -0.0126279196286637
fst_temp.193 96500000 97500000 97000000.5 316 0.0192922484189341 0.067920488607196 -0.0011668611435239 -0.000500375670861201 -0.0126603610625434 0.0051407850707321
fst_temp.194 9.7e+07 9.8e+07 97500000.5 326 0.00551564998460636 0.0393904911188648 -0.034804731555066 -0.0184577086637011 -0.0360902946990943 -0.00262438050880506
fst_temp.195 97500000 98500000 98000000.5 268 0.0224759186585801 0.040289636310158 0.000872177536583021 -0.032148808673699 -0.0326502803836277 -0.00914740216989867
fst_temp.196 9.8e+07 9.9e+07 98500000.5 160 0.0406308657348887 0.066954084328622 0.0474545269789656 -0.0317904102613093 0.00094288522880014 0.00268301930510064
fst_temp.197 98500000 99500000 99000000.5 641 -0.0105488847897487 -0.00726694053360225 -0.0294523699953981 -0.0351703015259549 -0.0350906661019054 -0.0341360681256295
fst_temp.198 9.9e+07 1e+08 99500000.5 556 -0.0109449395443068 -0.00902644862683091 -0.0360818573480134 -0.0337429657868342 -0.0409159148465831 -0.0366033854369844
fst_temp.199 99500000 100500000 100000000.5 27 0.0705546945662465 0.0880540091099704 0.0753564154786151 0.0303147115256254 0.0576737314620149 -0.0128710315753248
fst_temp.200 1e+08 1.01e+08 100500000.5 212 0.0699787440187521 0.0497601596789252 0.0856760374832664 -0.00577495031274461 0.0115943549656366 0.0115531829170024
fst_temp.201 100500000 101500000 101000000.5 566 0.0924948494764752 0.0660468024567757 0.0303547362043597 -0.0242069380196753 0.000638991133337909 0.0114454117092885
fst_temp.202 1.01e+08 1.02e+08 101500000.5 435 0.114842960762358 0.0905730643462667 0.0496841098087774 -0.0228937786126523 0.00531010439722241 0.0200772491284392
fst_temp.203 101500000 102500000 102000000.5 118 0.166456304900525 0.199047498024829 0.318887685084868 0.00803258811582571 0.0712403768298482 0.0887665198237886
fst_temp.204 1.02e+08 1.03e+08 102500000.5 88 0.0790309697127571 0.175057874606626 0.293332206541029 -0.00657943931659781 0.0775703743279794 0.10441861496828
fst_temp.205 102500000 103500000 103000000.5 75 0.126140764954348 0.202202051585321 0.298770491803279 0.00594355653893192 0.0549289811001193 0.103861979060578
fst_temp.206 1.03e+08 1.04e+08 103500000.5 444 0.0276609017613233 0.0689308210775868 0.106282263165412 -0.0228822244521948 -0.0299382474790901 -0.0358818923825882
fst_temp.207 103500000 104500000 104000000.5 493 0.00799094214732076 0.0428226358473378 0.0708416611148124 -0.0308331798397075 -0.0358440428276173 -0.0437715217941239
fst_temp.208 1.04e+08 1.05e+08 104500000.5 277 0.0447964071496305 0.0968863602826482 0.157804564645414 -0.0132248355620162 0.00299176828028511 0.0410722026203804
fst_temp.209 104500000 105500000 105000000.5 290 0.0556603267015639 0.119932626032039 0.18615766229052 -0.00362398938824345 0.020535188023105 0.0655148095909732
fst_temp.210 1.05e+08 1.06e+08 105500000.5 287 0.0280946990794809 0.0917107061368472 0.128904372897645 -0.0226778843498032 -0.00726934665486846 0.0220903194223473
fst_temp.211 105500000 106500000 106000000.5 469 0.00461637704810268 0.0477618242363594 0.0593570050052563 -0.0252039138064927 -0.0311580890670673 -0.00295143090972231
fst_temp.212 1.06e+08 1.07e+08 106500000.5 426 0.0128206290235462 0.0458165871850841 0.0723486618167256 -0.0141179553114532 -0.0145245941657512 0.00812112419484154
fst_temp.213 106500000 107500000 107000000.5 352 0.0569329189792687 0.091368887009798 0.144829453167298 -0.00258658857559621 0.0188717152576425 0.0462141966744371
fst_temp.214 1.07e+08 1.08e+08 107500000.5 284 0.0587897013190842 0.0939468456911091 0.148085858441892 -0.00452996709094822 0.0253088465795136 0.0584259194149498
fst_temp.215 107500000 108500000 108000000.5 90 0.0497536122862636 0.0963479562451857 0.17852684144819 0.00996152580953357 0.0601830902572314 0.0798693464109257
fst_temp.216 1.08e+08 1.09e+08 108500000.5 80 0.0190853610379944 0.097694842697478 0.14722445695897 0.0255894138222556 0.0510255784712969 0.110978879742429
fst_temp.217 108500000 109500000 109000000.5 123 0.0495732896797586 0.108493125367831 0.163457908644772 0.0228295046629909 0.0257186814784305 0.0869565217391304
fst_temp.218 1.09e+08 1.1e+08 109500000.5 165 0.0399420628932255 0.0723910162317767 0.115898893874106 -0.0128669616664439 -0.012674613019794 0.0228599463875596
fst_temp.219 109500000 110500000 110000000.5 137 0.0350208630664365 0.0859043797963354 0.13347062861626 -0.0205692073396354 0.0049205260489667 0.00647287966518243
fst_temp.220 1.1e+08 1.11e+08 110500000.5 70 0.0549476974870747 0.14371976616622 0.202964550406286 -0.00872317783840486 0.0457295577891095 0.00804394046775336
fst_temp.221 110500000 111500000 111000000.5 261 0.0242839083423009 0.101100594127669 0.101148007868698 -0.0160043317968258 -0.0142610429611694 -0.0324393567824502
fst_temp.222 1.11e+08 1.12e+08 111500000.5 596 0.0399619149188154 0.0605290847476836 0.105555344790521 -0.033781875797579 -0.0177289775279725 -0.0151997983692826
fst_temp.223 111500000 112500000 112000000.5 671 0.0932522221443268 0.0890292840546556 0.289156261058591 -0.0344767720250635 0.0536193151551851 0.0609381458338399
fst_temp.224 1.12e+08 1.13e+08 112500000.5 477 0.139054194495992 0.120090323903959 0.379955275462492 -0.00331561132322231 0.0919610946140579 0.112892658262414
fst_temp.225 112500000 113500000 113000000.5 266 0.0919286062764131 0.0408555335917744 0.156896885277617 0.0164832923335959 -0.0163189423672795 0.059366195691317
fst_temp.226 1.13e+08 1.14e+08 113500000.5 203 0.0500701805916356 -0.0259728496972536 0.18816274592972 0.0287674468516234 0.0256072787616949 0.157598986585247
fst_temp.227 113500000 114500000 114000000.5 291 0.0812103171313706 -0.0194003691251517 0.149382748684871 0.0251613413322114 0.0151051089030513 0.112477010533356
fst_temp.228 1.14e+08 1.15e+08 114500000.5 275 0.104438419996006 0.0307909289125193 0.16900034611875 -0.0226946780071683 0.00060040827762878 0.0249827817201833
fst_temp.229 114500000 115500000 115000000.5 248 0.025284993064406 0.0211985552627996 0.0584299973024008 -0.0569043925693315 -0.0446870543341235 -0.0331335221658652
fst_temp.230 1.15e+08 1.16e+08 115500000.5 317 0.048119034000918 0.0904684251066146 -0.0192612735100838 -0.0436358204370799 -0.0311623625452236 -0.0289160322068248
fst_temp.231 115500000 116500000 116000000.5 283 0.135426561191811 0.226194636705943 0.116427581997042 -0.0033416081174525 0.0292582678845627 0.0650602022843451
fst_temp.232 1.16e+08 1.17e+08 116500000.5 268 0.187875738911956 0.250382656200486 0.263501483679525 0.0174235760484842 0.0741189100294648 0.101998904709748
fst_temp.233 116500000 117500000 117000000.5 303 0.13241331919988 0.166847267896011 0.220099827222116 0.0105959660367976 0.174701243801317 0.163046369493746
fst_temp.234 1.17e+08 1.18e+08 117500000.5 367 0.0745830187603171 0.0886678804127892 0.0794400404790015 0.000684362011223319 0.122527957560569 0.122475784727662
fst_temp.235 117500000 118500000 118000000.5 415 0.0936275718298489 0.100198452650462 0.109097012420275 0.00789391323319082 0.0181134552833398 0.0385880164455574
fst_temp.236 1.18e+08 1.19e+08 118500000.5 372 0.0835917425289647 0.0923067252827507 0.236403226604642 0.0202211283131821 0.0386292860454525 0.0987261671726392
fst_temp.237 118500000 119500000 119000000.5 392 0.0402376880042899 0.0172541020205771 0.177591958753954 0.0155090269758265 0.0895090074178735 0.13010218950873
fst_temp.238 1.19e+08 1.2e+08 119500000.5 364 0.0332799098321377 0.0619900469231688 0.150849058777448 0.0113395191099038 0.0914125180329529 0.123038164346587
fst_temp.239 119500000 120500000 120000000.5 292 0.0727212132360713 0.211426449798835 0.21594324284377 0.0635921835480747 0.0869406493721998 0.121193792846456
fst_temp.240 1.2e+08 1.21e+08 120500000.5 395 0.10850635570044 0.228976231516274 0.216092215523452 0.0705113671236093 0.091023802695727 0.0801305621452846
fst_temp.241 120500000 121500000 121000000.5 357 0.124878058180873 0.174901390074874 0.177440123615761 0.0332575649147176 0.0916670618514479 0.0737407377669015
fst_temp.242 1.21e+08 1.22e+08 121500000.5 323 0.165509361893294 0.0963805890381675 0.215321892481274 0.0711872692307449 0.172284277861461 0.0495948953775484
fst_temp.243 121500000 122500000 122000000.5 393 0.131514206557566 0.0836667435949377 0.284783441931775 0.0851488494387918 0.207188221801746 0.151743265931117
fst_temp.244 1.22e+08 1.23e+08 122500000.5 350 0.0383918760275209 0.063617930503292 0.288471462483228 0.0340978458987814 0.239567450367152 0.276181076816949
fst_temp.245 122500000 123500000 123000000.5 450 0.0522607054073756 0.0402042083375231 0.265250601653238 0.0387565173107893 0.15765948018419 0.218676517708649
fst_temp.246 1.23e+08 1.24e+08 123500000.5 555 0.0397013557055086 0.0359235329783571 0.192876360086665 0.045764580182113 0.0680562965412043 0.129222184569263
fst_temp.247 123500000 124500000 124000000.5 519 0.150122335517121 0.165688404972748 0.125454277246577 0.0885441389525538 0.112255096592232 0.0849669382847983
fst_temp.248 1.24e+08 1.25e+08 124500000.5 484 0.250772867794144 0.212574101617059 0.0786574347985992 0.0758276240509294 0.126151630692697 0.0636893564543544
fst_temp.249 124500000 125500000 125000000.5 536 0.109511920895366 0.0639699272611789 -0.0256190144056657 0.0513633240418909 0.00873668771124291 0.00214938509470315
fst_temp.250 1.25e+08 1.26e+08 125500000.5 385 0.0308380290743562 0.0278693039842187 -0.0278932594250791 0.0911320294825166 -0.0109646860197908 -0.0210164387662561
fst_temp.251 125500000 126500000 126000000.5 220 0.0822009356204054 0.125955540748144 0.0883823164462722 0.116986574238628 0.161643502737146 -0.0217725237640668
fst_temp.252 1.26e+08 1.27e+08 126500000.5 289 0.0846729610355028 0.144873619781151 0.0727692462109807 0.0941952529833987 0.110127282789153 0.110382682548415
fst_temp.253 126500000 127500000 127000000.5 247 0.167009859705887 0.181724964745343 0.120519633894302 0.0403667346917242 0.142644845390287 0.214757845024609
fst_temp.254 1.27e+08 1.28e+08 127500000.5 226 0.213842498393462 0.122233963248447 0.144228014895445 -0.00602857147655496 0.186148412754632 0.169499941401792
fst_temp.255 127500000 128500000 128000000.5 268 0.122164710773684 0.0769515325494772 0.254105333711428 0.0274796388980598 0.247552028746818 0.283125392156738
fst_temp.256 1.28e+08 1.29e+08 128500000.5 254 0.128482881426267 0.126129667767111 0.297634674922601 0.0885533962443232 0.254447539816412 0.306031606839888
fst_temp.257 128500000 129500000 129000000.5 198 0.114059757114815 0.139812147980469 0.280674894547727 0.127607573819208 0.151553989106056 0.205594277644045
fst_temp.258 1.29e+08 1.3e+08 129500000.5 176 0.154534228115828 0.108374848737251 0.394400148340441 0.114047883260753 0.167422954696623 0.28519397528053
fst_temp.259 129500000 130500000 130000000.5 341 0.153086537673087 0.141385544514724 0.248215162618517 0.0493004622112735 0.147472976296122 0.272688538559864
fst_temp.260 1.3e+08 1.31e+08 130500000.5 413 0.234543417852708 0.229541412393162 0.34068607574406 0.00607645475986178 0.179262916593193 0.228507071360627
fst_temp.261 130500000 131500000 131000000.5 442 0.216662241973705 0.217963772450274 0.471739805102104 0.0145896756728726 0.239586189704599 0.188389920231847
fst_temp.262 1.31e+08 1.32e+08 131500000.5 501 0.127457633986001 0.140264349636161 0.43694190276706 0.0273690400545162 0.242888390337589 0.221833577292515
fst_temp.263 131500000 132500000 132000000.5 526 0.11327273576529 0.138490568778788 0.32601177284341 0.0434957803514941 0.188054594628593 0.14998036832051
fst_temp.264 1.32e+08 1.33e+08 132500000.5 485 0.0873736142416277 0.151607176704401 0.218725593788763 0.0601713271363797 0.106097974755006 0.108218329628726
fst_temp.265 132500000 133500000 133000000.5 299 0.0902255888129676 0.145551739652611 0.0906976744186046 0.0479500702703519 0.0565384250687454 0.137659574468085
fst_temp.266 1.33e+08 1.34e+08 133500000.5 220 0.0813346018393337 0.11538206251862 0.0229660395797703 0.0161452608656662 0.0213938010814943 0.0638866662658236
fst_temp.267 133500000 134500000 134000000.5 288 0.123443282679822 0.142692509669874 0.0417984526300424 -0.000679013063738737 0.0181729531369622 0.0828582262136154
fst_temp.268 1.34e+08 1.35e+08 134500000.5 432 0.153099517218824 0.162368203055658 0.306812081485039 0.00519009985323332 0.0928448556418244 0.0945655034970294
fst_temp.269 134500000 135500000 135000000.5 422 0.113643040246279 0.113323631449695 0.350598899320168 0.0215956300400791 0.108799583925107 0.0713417656747206
fst_temp.270 1.35e+08 1.36e+08 135500000.5 824 0.0719027770220956 0.118675536120384 0.0142658755207676 0.0242440768944083 0.0130875530003978 0.0851463740258686
fst_temp.271 135500000 136500000 136000000.5 856 0.0962403250977881 0.155902633616188 0.0381699346405229 0.0103051892539969 -0.00957242731008067 0.0587120240642495
fst_temp.272 1.36e+08 1.37e+08 136500000.5 365 0.143663128890894 0.174421133667944 0.23880158901 0.00443171770923136 0.0115005980310976 0.00770107100561249
fst_temp.273 136500000 137500000 137000000.5 350 0.126647924113863 0.109137568552339 0.270001401148942 0.0332973785177092 0.0450178072715161 0.115078501129178
fst_temp.274 1.37e+08 1.38e+08 137500000.5 440 0.0891305907958538 0.0524451954902467 0.288229221884329 0.0250417782589402 0.0895535629960133 0.231555896200591
fst_temp.275 137500000 138500000 138000000.5 418 0.079331043767721 0.0174366153404687 0.266106597649925 0.0117927378259037 0.147714621345082 0.236015478536372
fst_temp.276 1.38e+08 1.39e+08 138500000.5 350 0.134494917936528 0.0346589233000433 0.168157092574816 0.0339819922444661 0.0868594158541542 0.104007118551257
fst_temp.277 138500000 139500000 139000000.5 306 0.124848817990147 0.0442502029002162 0.101932895696572 0.0493381844309017 -0.00628252487394505 0.0102017825121823
fst_temp.278 1.39e+08 1.4e+08 139500000.5 216 0.0725333817034628 0.0237161633273509 0.113707165109034 0.0169947397066014 0.0112604927318638 0.0308557038757176
fst_temp.279 139500000 140500000 140000000.5 247 0.0718155090768315 -0.000757222370969606 0.0915313162040306 -0.00346648358883481 0.0320273751393749 0.0621445850837097
fst_temp.280 1.4e+08 1.41e+08 140500000.5 361 0.086399002748337 0.0404219600524902 0.154060913705584 0.00171643322856521 0.0384055663279086 0.078108420271755
fst_temp.281 140500000 141500000 141000000.5 435 0.061903155535275 0.0464279701476763 0.293585270648382 0.00332883167005223 0.0935889320915092 0.118985523814968
fst_temp.282 1.41e+08 1.42e+08 141500000.5 425 0.0920058343625615 0.107071384314588 0.368574452745095 -0.00536433387743722 0.152675349129139 0.128052276385138
fst_temp.283 141500000 142500000 142000000.5 346 0.111016772079479 0.131494537739014 0.350934440818748 -0.00242482843926832 0.176480610492618 0.137797874536821
fst_temp.284 1.42e+08 1.43e+08 142500000.5 709 0.0035904815261634 0.0406163237538383 0.107889323059319 -0.0068557788360101 0.0680976028392253 0.00620247674242524
fst_temp.285 142500000 143500000 143000000.5 732 -0.00620558042532991 0.0545510602839489 0.103438824107173 -0.00371232596745883 0.0509273698316043 -0.0206437875058765
fst_temp.286 1.43e+08 1.44e+08 143500000.5 377 0.0528138885382424 0.122495560220178 0.276873954690588 0.010746672437272 0.157066386054811 0.118718813477662
fst_temp.287 143500000 144500000 144000000.5 395 0.108947122673665 0.11288947025884 0.262486005981921 0.00649312519836246 0.109548210389165 0.114986795774648
fst_temp.288 1.44e+08 1.45e+08 144500000.5 329 0.137236493734046 0.0990383288266134 0.15210442194992 -0.00508132515984668 0.0180171604955059 0.0403486759558872
fst_temp.289 144500000 145500000 145000000.5 359 0.107734880960979 0.113425289504176 0.104630808402292 -0.0307127582634479 0.018831002884159 0.0244534018868866
fst_temp.290 1.45e+08 1.46e+08 145500000.5 468 0.161962112658387 0.203225380587775 0.0648246546227418 -0.0240775645973341 0.0783787807296647 0.0855489264927236
fst_temp.291 145500000 146500000 146000000.5 420 0.171657265572659 0.230903596862351 0.14140127388535 -0.0193955713635875 0.131956674483753 0.136981138509333
fst_temp.292 1.46e+08 1.47e+08 146500000.5 368 0.0629043349916449 0.110240409679254 0.225407903423559 -0.0184788712130144 0.0889906569879951 0.106935536928438
fst_temp.293 146500000 147500000 147000000.5 322 0.207468437323912 0.1611697215388 0.343712684853495 -0.000687990446544803 0.0917081556200639 0.140174451352932
fst_temp.294 1.47e+08 1.48e+08 147500000.5 380 0.275258189037783 0.257513552980027 0.529018552612944 -0.00374063949981027 0.115060569224965 0.143622103876811
fst_temp.295 147500000 148500000 148000000.5 406 0.180161162031273 0.212293265391078 0.465670725468126 -0.0178432431156067 0.102308219699855 0.108419865514724
fst_temp.296 1.48e+08 1.49e+08 148500000.5 334 0.120876280109419 0.170845762332467 0.291701851584866 -0.020859622513751 0.054528878151069 0.0685466466610486
fst_temp.297 148500000 149500000 149000000.5 321 0.0859382558801127 0.124422222520914 0.24061291218772 -0.0245235004771114 0.0791745138426389 0.0732066940573165
fst_temp.298 1.49e+08 1.5e+08 149500000.5 363 0.0196458851116195 -0.00149772253532001 0.154415279025752 -0.0183232977240509 0.077105107473871 0.102086221223122
fst_temp.299 149500000 150500000 150000000.5 444 0.0940567164748494 0.0603138623282885 0.312806198017546 -0.00164948928866862 0.15049500211403 0.161150262182292
fst_temp.300 1.5e+08 1.51e+08 150500000.5 472 0.164664230258627 0.148670689403623 0.400371304275541 0.008076635341246 0.175793913268732 0.149697437355318
fst_temp.301 150500000 151500000 151000000.5 591 0.102514297946784 0.126843180627306 0.289779424145479 0.015439569088178 0.0968160769828129 0.0774376232676284
fst_temp.302 1.51e+08 1.52e+08 151500000.5 574 0.0860186418109188 0.0886791023508998 0.213385275321719 0.0183669271200773 0.0696722305922526 0.0578131283610405
fst_temp.303 151500000 152500000 152000000.5 476 0.18804372072273 0.144364073111537 0.26479833532563 -0.00130031108808216 0.0323884927381768 0.0342369404351967
fst_temp.304 1.52e+08 1.53e+08 152500000.5 526 0.225978636925223 0.22474454229155 0.319377809201556 -0.00187384851212042 0.0489232026099589 0.0654890175354079
fst_temp.305 152500000 153500000 153000000.5 515 0.185913238645605 0.287876055736628 0.232355910146796 0.0318690429004005 0.0707288190332652 0.146342615168447
fst_temp.306 1.53e+08 1.54e+08 153500000.5 408 0.147279603257327 0.265705709042599 0.241924851680949 0.0249453709085976 0.12106704354739 0.174352715543545
fst_temp.307 153500000 154500000 154000000.5 369 0.0775094037058549 0.22807248609177 0.260467500901961 0.0538266074821014 0.115636135802953 0.118107107671225
fst_temp.308 1.54e+08 1.55e+08 154500000.5 346 0.0960264188156213 0.207734308126959 0.0943093775046753 0.0534894689646677 0.0588843793927613 0.0601155920109825
fst_temp.309 154500000 155500000 155000000.5 489 0.0921894129207739 0.0733495990300821 0.0355739817704694 -0.00878824348733257 0.0449839961602145 0.0467853310506959
fst_temp.310 1.55e+08 1.56e+08 155500000.5 634 0.112886728401346 0.117952767643936 0.108419758242268 0.00732496066003747 0.0512977499315093 0.0502172084394409
fst_temp.311 155500000 156500000 156000000.5 553 0.178814839054038 0.178015258186831 0.226907630522088 0.0155771246074853 0.123352998006126 0.0749790009387815
fst_temp.312 1.56e+08 1.57e+08 156500000.5 549 0.147478386064649 0.137900098784717 0.238063550158044 0.00732636211037396 0.160630257600915 0.127859558220721
fst_temp.313 156500000 157500000 157000000.5 612 0.122279215832507 0.117181338763614 0.197363828607798 0.0121581095641743 0.0848099028181217 0.125114985508839
fst_temp.314 1.57e+08 1.58e+08 157500000.5 719 0.163330331753479 0.144120670708583 0.190995991366019 0.0151646068800675 0.0332156749477664 0.0926196247961277
fst_temp.315 157500000 158500000 158000000.5 622 0.213552380011214 0.203414498888655 0.233758006616457 0.0229916538772833 0.0456085971324027 0.074254260741623
fst_temp.316 1.58e+08 1.59e+08 158500000.5 566 0.197249843396726 0.219929084336055 0.311546890956867 0.008257649543321 0.0645289879731267 0.0455562675959995
fst_temp.317 158500000 159500000 159000000.5 645 0.102680544038464 0.154362326114191 0.22472950785164 0.00421042391639021 0.0720411806218606 0.0316590963748815
fst_temp.318 1.59e+08 1.6e+08 159500000.5 629 0.0869031658630492 0.118160132622142 0.161466788231893 0.0044403259377879 0.0739596222121357 0.0502800324416147
fst_temp.319 159500000 160500000 160000000.5 595 0.203755149744937 0.144098058328652 0.179406771973928 0.00381541823950952 0.0556050734099193 0.0253231335707423
fst_temp.320 1.6e+08 1.61e+08 160500000.5 562 0.235985974615378 0.197994763260894 0.226191357385009 0.0570776624352182 0.108169338172108 0.0705714696214634
fst_temp.321 160500000 161500000 161000000.5 683 0.159642722355013 0.167194118395961 0.268006312467123 0.0515723264006023 0.214084585887424 0.209473698227905
fst_temp.322 1.61e+08 1.62e+08 161500000.5 625 0.12021298319345 0.126364438193168 0.25525741061633 0.0167861908080711 0.165154095606934 0.152524800393897
fst_temp.323 161500000 162500000 162000000.5 442 0.0989207343269217 0.131136079687671 0.182321641872082 0.0054558587384755 0.0490907955468 0.0630544003461622
fst_temp.324 1.62e+08 1.63e+08 162500000.5 495 0.138441440777067 0.132690331461101 0.216637435656129 -0.0032744834523517 0.162050883962343 0.141366356220473
fst_temp.325 162500000 163500000 163000000.5 651 0.10034166827207 0.0847550171801323 0.210710607621009 0.00399227848733654 0.13551827801147 0.113119253874105
fst_temp.326 1.63e+08 1.64e+08 163500000.5 720 0.0856281776480418 0.0722302707880224 0.160132777897934 0.0136721130438087 0.0440151729085733 0.0500020390836729
fst_temp.327 163500000 164500000 164000000.5 623 0.148446233649315 0.116658270142035 0.297320890403841 0.0531337758007601 0.0552631454275847 0.143180793548102
fst_temp.328 1.64e+08 1.65e+08 164500000.5 648 0.176786903809405 0.159043358262108 0.290511900880339 0.0382875124612406 0.0565986762123463 0.167749063367246
fst_temp.329 164500000 165500000 165000000.5 540 0.141543611364166 0.157781647833345 0.171123451516446 -0.00153433322797002 0.0285152309609828 0.0587357889562929
fst_temp.330 1.65e+08 1.66e+08 165500000.5 476 0.146560265017636 0.178522486607699 0.223379698135543 0.0335600714309009 0.0408893924215238 0.0183693063101599
fst_temp.331 165500000 166500000 166000000.5 680 0.146093663273629 0.133718798036783 0.19998340730908 0.0140379014190812 0.0705134930349128 0.0738486208033255
fst_temp.332 1.66e+08 1.67e+08 166500000.5 663 0.152788226297662 0.0931212049262481 0.242158918074567 0.000693935331758234 0.108508550377246 0.138326971591821
fst_temp.333 166500000 167500000 167000000.5 669 0.161755363231282 0.0996903223539016 0.291349332501194 0.013181532784812 0.13104780110993 0.15549334847385
fst_temp.334 1.67e+08 1.68e+08 167500000.5 631 0.173346285903666 0.139250783801845 0.355010511562719 0.0332397624034343 0.231799336173927 0.222841514920723
fst_temp.335 167500000 168500000 168000000.5 543 0.203562722674104 0.130610579368059 0.270059366015756 0.0759017908907619 0.243548649510959 0.20127011689554
fst_temp.336 1.68e+08 1.69e+08 168500000.5 543 0.124085586094084 0.0775101044391796 0.136619081454686 0.0590287480351981 0.149455757721814 0.113839834250663
fst_temp.337 168500000 169500000 169000000.5 644 0.177199652134029 0.180485070434026 0.30466768138001 0.00656363064639406 0.116994056291589 0.129463991270751
fst_temp.338 1.69e+08 1.7e+08 169500000.5 590 0.202851269681396 0.184801026402573 0.270618742346755 -0.0265560649666555 0.0361986093054876 0.0524654970304008
fst_temp.339 169500000 170500000 170000000.5 474 0.0513217459432969 0.0507649349803588 0.0491803278688525 -0.0515303781354317 -0.0554567345506468 -0.0526841898269533
fst_temp.340 1.7e+08 1.71e+08 170500000.5 540 0.0124490973101455 0.0224165939869968 0.0348600431571589 -0.0466049500272279 -0.0517422560597942 -0.0588785263940772
fst_temp.341 170500000 171500000 171000000.5 924 -0.0126019116769839 0.000684337962644211 0.0478280961182995 -0.025716828650124 -0.00923659328959222 -0.0340229578216764
fst_temp.342 1.71e+08 1.72e+08 171500000.5 681 -0.0205618974178393 -0.00340163462578597 0.053226879574185 -0.0188233144067574 0.000863872646196715 -0.023487721375474
fst_temp.343 171500000 172500000 172000000.5 37 -0.00440414565601232 0.0072603755619238 -0.00839880791113517 -0.0247950247195196 -0.0771623143332082 -0.0437957819726912
