low_bound_TD upper_bound_TD mid_wind_TD Nmb_Positions_TD Nb_SNP_TD pop1 pop2 pop3 pop4 pop1+pop2+pop3+pop4
temp_spectre 0 1e+06 500000.5 42 42 1.16591192863685 0.745446301136866 -0.205610980093439 0.56638892306067 0.334489208109995
temp_spectre.1 5e+05 1500000 1000000.5 56 56 2.17664753929567 1.02083342989564 -0.311101778461307 -0.519792204252451 0.57134355250576
temp_spectre.2 1e+06 2e+06 1500000.5 80 80 1.83552784580586 0.870888938161335 0.223313021081958 -0.547305020531461 0.466102082439152
temp_spectre.3 1500000 2500000 2000000.5 77 77 1.47707656016968 0.539437129827632 0.393516759591657 0.819709467840407 0.511857596121644
temp_spectre.4 2e+06 3e+06 2500000.5 79 79 0.655292497304842 -0.0377020251532195 0.443751020903546 0.758127651715096 0.628066817713798
temp_spectre.5 2500000 3500000 3000000.5 86 86 0.220399408822413 -0.455808937356847 0.502819288211791 0.396929555884007 0.318060103102442
temp_spectre.6 3e+06 4e+06 3500000.5 82 82 0.00986010310740398 -0.463452433564768 0.375382429068187 0.295194832060905 0.181205107615233
temp_spectre.7 3500000 4500000 4000000.5 64 64 0.50092769724455 -0.0871873355052519 0.574692526437446 0.0135543454132699 0.408881371773667
temp_spectre.8 4e+06 5e+06 4500000.5 56 56 1.0017086666938 0.0848549034563106 0.232090664017924 -0.140436906525766 0.57669126439909
temp_spectre.9 4500000 5500000 5000000.5 71 71 1.00811168674742 -0.0357813234961384 0.191044924276268 -0.0513603878238127 0.902475613815818
temp_spectre.10 5e+06 6e+06 5500000.5 68 68 0.7948738469612 0.538702826133821 0.35673721050416 0.222420285030404 0.784514715681214
temp_spectre.11 5500000 6500000 6000000.5 68 68 -0.120156694834664 0.111393070016444 0.0887130146628549 0.30283578823508 -0.210115154741148
temp_spectre.12 6e+06 7e+06 6500000.5 66 66 0.358084142126673 -1.0480062738499 0.753151241729902 -0.23816675415644 0.287853666165757
temp_spectre.13 6500000 7500000 7000000.5 76 76 0.661524977422648 -0.159091943953784 0.721661636341252 -0.164455928188782 1.05410055313385
temp_spectre.14 7e+06 8e+06 7500000.5 89 89 0.0577635908765472 0.367901757324294 0.413083823625093 0.316115252129532 1.14559534937751
temp_spectre.15 7500000 8500000 8000000.5 92 92 0.040076957177054 0.339725019150579 0.690316370743775 0.551660783909966 1.34833754280406
temp_spectre.16 8e+06 9e+06 8500000.5 84 84 0.224980501689924 0.279814878954703 0.515588798139174 0.141315910587709 0.837512408965032
temp_spectre.17 8500000 9500000 9000000.5 61 61 -0.123449225202538 0.0242885048079405 0.0046963722737742 -0.456703731978928 -0.0121184605665684
temp_spectre.18 9e+06 1e+07 9500000.5 73 73 -0.182840959727117 -0.154384991793911 -0.0544323884262781 0.552212947955548 -0.141785019890452
temp_spectre.19 9500000 10500000 10000000.5 101 101 0.4157492206309 0.145220173047644 0.477408365148328 0.126886254938759 0.282467355625171
temp_spectre.20 1e+07 1.1e+07 10500000.5 105 105 0.321169981774633 -0.297868664414831 0.628792438814967 -0.126151064363815 -0.0736786982577835
temp_spectre.21 10500000 11500000 11000000.5 94 94 0.472253056414341 -0.516360023722279 -0.0424335345641519 0.295194832060905 -0.288461317036264
temp_spectre.22 1.1e+07 1.2e+07 11500000.5 108 108 0.228832749515899 -0.525026202034815 -0.46110312986354 0.567963097843457 0.211890350033468
temp_spectre.23 11500000 12500000 12000000.5 115 115 0.0900935401304522 -0.235929963835149 -0.0550274226032428 0.522168671737037 0.332644209176114
temp_spectre.24 1.2e+07 1.3e+07 12500000.5 67 67 0.538980190627832 0.223601824829796 0.367777070031014 0.452289184488526 0.168952197758304
temp_spectre.25 12500000 13500000 13000000.5 66 66 0.692228009305159 -0.337061725778282 0.29194992784298 0.222420285030404 0.337253447089195
temp_spectre.26 1.3e+07 1.4e+07 13500000.5 108 108 0.854065356102472 0.230773790009968 0.736952027423348 0.456736183969882 0.742121139072961
temp_spectre.27 13500000 14500000 14000000.5 99 99 0.783765828117607 0.587438340002341 0.415913339985299 0.419400043063117 0.246061737021259
temp_spectre.28 1.4e+07 1.5e+07 14500000.5 86 86 0.581555921892205 -0.597033600272902 -0.462121309344962 0.0494650943964262 -0.912213778970196
temp_spectre.29 14500000 15500000 15000000.5 85 85 -0.299043946860102 -0.679989124103863 -0.519383458496772 -0.589004005456043 -0.87839854359947
temp_spectre.30 1.5e+07 1.6e+07 15500000.5 83 83 -0.14551884748061 -0.244132472237002 -0.408617841579562 -0.131152889590714 0.0912020253074389
temp_spectre.31 15500000 16500000 16000000.5 80 80 0.491910952675523 -0.377894823256717 -0.19293570811276 0.296835861763157 0.404623608012616
temp_spectre.32 1.6e+07 1.7e+07 16500000.5 61 61 0.139248722716107 -0.473481605215828 -0.265148877694175 -0.272952927022543 -0.524064642818774
temp_spectre.33 16500000 17500000 17000000.5 79 79 -0.339085252813185 -0.204506046238667 -0.0534207561566422 -0.0670891355280739 0.10968989280072
temp_spectre.34 1.7e+07 1.8e+07 17500000.5 91 91 0.425001293465003 0.0819250152676033 -0.161885428741263 0.612456560151325 0.611858682971327
temp_spectre.35 17500000 18500000 18000000.5 89 89 0.907532610497301 0.170790695039754 -0.090582870278696 0.528032382052607 0.246478236433773
temp_spectre.36 1.8e+07 1.9e+07 18500000.5 80 80 0.680865617237421 0.148858842243698 0.106281152648454 -0.497138932150997 0.0867354884780419
temp_spectre.37 18500000 19500000 19000000.5 87 87 1.47126159440588 -0.147622544088993 -0.307976750491347 -0.298081129415758 -0.302436759282328
temp_spectre.38 1.9e+07 2e+07 19500000.5 117 117 1.14650139061249 -0.647293717653195 -0.158959204968787 -0.245117435489707 -0.302097272198086
temp_spectre.39 19500000 20500000 20000000.5 105 105 0.541653912215065 -0.392294639975726 0.198715230593597 -0.256634341221462 0.234118836053565
temp_spectre.40 2e+07 2.1e+07 20500000.5 125 125 -0.168742833952123 -0.0757297950295365 0.258653754780387 0.0888745548036108 0.0699978547477305
temp_spectre.41 20500000 21500000 21000000.5 144 144 -0.501296473072783 0.0328568447318009 0.203390008275192 -0.107940400626797 -0.311683262612665
temp_spectre.42 2.1e+07 2.2e+07 21500000.5 123 123 0.273010996263224 0.400312038158918 0.109020086657044 0.2553934250214 -0.00251515195450732
temp_spectre.43 21500000 22500000 22000000.5 84 84 1.05461048946156 0.350865810789681 0.22917074053882 0.940634614146466 0.309245955914616
temp_spectre.44 2.2e+07 2.3e+07 22500000.5 55 55 0.19616232010898 -0.142777211130599 1.05961334746136 0.546488499699631 -0.359695156713467
temp_spectre.45 22500000 23500000 23000000.5 88 88 0.0996536694476973 -0.626618361523802 0.333990801668235 0.149122711048049 -0.972514785364214
temp_spectre.46 2.3e+07 2.4e+07 23500000.5 103 103 0.80085860123356 -0.289057965929009 0.621804284440959 -0.537415424432725 -0.228163613622922
temp_spectre.47 23500000 24500000 24000000.5 83 83 0.59889030862657 0.0680690983151235 0.616941405181158 -0.741240124175487 0.201374907572561
temp_spectre.48 2.4e+07 2.5e+07 24500000.5 75 75 0.626078471260733 0.380989975428929 0.386649728397494 0.103085311204082 0.533092488512466
temp_spectre.49 24500000 25500000 25000000.5 73 73 1.44209384231866 -0.260075626596122 -0.161092929911093 0.551926874494111 0.318335167307329
temp_spectre.50 2.5e+07 2.6e+07 25500000.5 61 61 0.751218593519889 -0.839202441340676 -0.542618494379276 0.576578740113526 -0.623932937521427
temp_spectre.51 25500000 26500000 26000000.5 149 149 0.521233436458095 -0.171499544885481 0.245566659281216 0.212521193665137 0.123348849558554
temp_spectre.52 2.6e+07 2.7e+07 26500000.5 150 150 0.553730911789237 -0.238942800980846 0.115591980932176 0.217092810949547 -0.104892133276029
temp_spectre.53 26500000 27500000 27000000.5 62 62 0.516493915622323 0.0362064583153612 0.0270063903776012 0.509327647660965 -0.497727673183322
temp_spectre.54 2.7e+07 2.8e+07 27500000.5 66 66 0.111223346935858 0.707086998993239 0.799746238182784 0.592211054870119 0.724447837434939
temp_spectre.55 27500000 28500000 28000000.5 68 68 -0.271941016237975 -0.0931723813124705 0.224245394017004 0.249921978942183 -0.192512327359603
temp_spectre.56 2.8e+07 2.9e+07 28500000.5 70 70 -0.333875652319777 -1.13186069078043 -0.477447960507319 0.210878335504484 -1.12264051467262
temp_spectre.57 28500000 29500000 29000000.5 84 84 0.000663260564029236 -0.663174237110216 0.0976599764329476 0.699614670128483 -0.88343386341474
temp_spectre.58 2.9e+07 3e+07 29500000.5 93 93 0.0279302141967527 -0.67382921633546 0.000593800537905414 0.409560828779099 -1.09470901575953
temp_spectre.59 29500000 30500000 30000000.5 62 62 0.0775898925074504 -0.591129528788787 -0.701697026262251 0.504662241563398 -1.05250279833731
temp_spectre.60 3e+07 3.1e+07 30500000.5 54 54 0.387011462687396 -0.0699036595544386 -0.288107878546433 0.647314360739846 -0.488097179518563
temp_spectre.61 30500000 31500000 31000000.5 80 80 0.567904487383545 0.150899221063827 1.02044645359173 0.680006972736646 0.362217359395651
temp_spectre.62 3.1e+07 3.2e+07 31500000.5 74 74 0.237045328362115 0.563789959791133 1.2159504629815 0.299160300269989 0.656167769020158
temp_spectre.63 31500000 32500000 32000000.5 103 103 0.0448025830528672 -0.243399481053793 -0.158809807660363 -0.712068118107535 -0.67788422596554
temp_spectre.64 3.2e+07 3.3e+07 32500000.5 118 118 0.622984747792647 -1.04393047353569 -0.383509299898883 -0.807566973969234 -1.23226216695709
temp_spectre.65 32500000 33500000 33000000.5 59 59 0.881970425844092 -1.02423962389001 -0.445023462212953 -0.596749784242468 -1.31067276119725
temp_spectre.66 3.3e+07 3.4e+07 33500000.5 49 49 0.492524425302128 0.115230909728418 0.0626025415025452 -0.290559800970831 -0.103631971554498
temp_spectre.67 33500000 34500000 34000000.5 50 50 0.876350411282497 0.166322683978514 1.00291635192792 -0.134138086289909 0.271210359216779
temp_spectre.68 3.4e+07 3.5e+07 34500000.5 63 63 0.911104730289763 0.200253519033342 0.852746172251765 0.29111795045267 0.31954182455904
temp_spectre.69 34500000 35500000 35000000.5 71 71 0.84023239290953 0.071626525290813 0.625865812944702 0.0404665964512113 0.0260997162941491
temp_spectre.70 3.5e+07 3.6e+07 35500000.5 74 74 -0.0663976295730776 -0.769209785639228 -0.185536554154977 -0.10630106396543 -1.02485288643925
temp_spectre.71 35500000 36500000 36000000.5 92 92 0.0160676922844314 -0.904062585025853 -0.454455998849627 0.986251250234209 -0.863500795079423
temp_spectre.72 3.6e+07 3.7e+07 36500000.5 87 87 0.191541168172388 -0.815298374574977 -0.140573826399577 0.573252126684688 -0.637427948243327
temp_spectre.73 36500000 37500000 37000000.5 67 67 0.115917213086065 -0.750210242823807 0.00149736654345411 -0.398801179887445 -0.84064567685915
temp_spectre.74 3.7e+07 3.8e+07 37500000.5 51 51 0.676146769273714 -0.222610658825452 0.448778955390816 0.324316658492664 -0.496443645480519
temp_spectre.75 37500000 38500000 38000000.5 54 54 0.623665668374164 0.238114545212459 0.664403380174786 0.489675841044544 0.0228233193807142
temp_spectre.76 3.8e+07 3.9e+07 38500000.5 63 63 0.866767216401581 -0.0980429008240099 0.672445711038079 0.105116982005924 -0.0558518492996275
temp_spectre.77 38500000 39500000 39000000.5 55 55 0.762345318443594 -0.300497768309708 0.780586498924945 -0.0433878748246376 -0.358259907603462
temp_spectre.78 3.9e+07 4e+07 39500000.5 30 30 0.118048667243432 0.563291534964886 0.57885528325929 -0.529876130471932 0.273183876216509
temp_spectre.79 39500000 40500000 40000000.5 217 217 2.19572783549338 2.03841810765655 2.22552093894369 0.143969195911992 2.55385826282453
temp_spectre.80 4e+07 4.1e+07 40500000.5 286 286 1.91138572248986 1.3758987871867 1.81161003047648 0.0327879462217442 2.04023556487762
temp_spectre.81 40500000 41500000 41000000.5 116 116 0.497407486708929 -0.864502544408083 0.184783969251142 -0.403284828776585 0.0956253747179696
temp_spectre.82 4.1e+07 4.2e+07 41500000.5 96 96 -0.357268885587883 -0.357329289043633 0.156431361505177 0.858428651093032 -0.120889739339819
temp_spectre.83 41500000 42500000 42000000.5 112 112 -0.398848545585921 -0.680539993429485 0.450962086122189 0.981667462366569 -0.47802186012666
temp_spectre.84 4.2e+07 4.3e+07 42500000.5 74 74 -0.191157758856835 -1.17501981969781 1.00761792098005 0.745852054427624 -0.864831524095822
temp_spectre.85 42500000 43500000 43000000.5 61 61 -0.148618056792689 -0.244087848561069 1.65212733047194 0.933656302284778 0.149051245604399
temp_spectre.86 4.3e+07 4.4e+07 43500000.5 71 71 0.0123416364288664 -0.223048783920545 0.630734086855822 0.138112548105907 -0.0489324742768713
temp_spectre.87 43500000 44500000 44000000.5 59 59 0.470809931132266 -0.365824906158299 0.096569418421132 0.106110430963911 -0.356968046840787
temp_spectre.88 4.4e+07 4.5e+07 44500000.5 50 50 0.676146769273714 0.270682275083689 0.194246474962098 0.731584308715502 -0.0703996551812168
temp_spectre.89 44500000 45500000 45000000.5 52 52 0.476715266627287 0.738360270897267 0.415684954524318 1.06194702727139 0.222079964851259
temp_spectre.90 4.5e+07 4.6e+07 45500000.5 62 62 0.036056095174859 0.606866408909878 0.190480863503822 0.664730683117925 0.429626290980537
temp_spectre.91 45500000 46500000 46000000.5 63 63 -0.0879785439718977 0.841931169785167 0.679396019544517 0.418228438066299 0.901058047455126
temp_spectre.92 4.6e+07 4.7e+07 46500000.5 60 60 0.35651214626175 0.686402036850314 1.25347908592766 0.758128002097424 0.741352419008936
temp_spectre.93 46500000 47500000 47000000.5 69 69 1.26692152699205 0.44583041512525 1.25610515366639 0.0731771897312718 0.825164064858626
temp_spectre.94 4.7e+07 4.8e+07 47500000.5 91 91 1.21005214116648 0.239953397937027 0.716470055128279 -0.387309765745555 0.7837254870408
temp_spectre.95 47500000 48500000 48000000.5 80 80 0.192117160686282 -0.0206523084367345 0.0361980726599699 -0.124000662260867 0.28024867900905
temp_spectre.96 4.8e+07 4.9e+07 48500000.5 53 53 -0.302388518762388 -0.0664608124955467 0.119715276632602 0.466624544373222 0.0240553113514038
temp_spectre.97 48500000 49500000 49000000.5 70 70 -0.110567801009421 -0.0437327093314859 0.298080588307923 1.68408015151923 -0.109914386106812
temp_spectre.98 4.9e+07 5e+07 49500000.5 61 61 -0.22343955911696 -0.1045656323012 0.32945367787719 1.6699855735768 -0.217543049281733
temp_spectre.99 49500000 50500000 50000000.5 35 35 -1.2152070551134 0.256807126925696 0.0100484907093132 0.947345713304746 -0.301383485338761
temp_spectre.100 5e+07 5.1e+07 50500000.5 47 47 -0.421876631455338 0.109141595603271 -0.299945626249037 0.24446229209168 -0.178344734022862
temp_spectre.101 50500000 51500000 51000000.5 57 57 0.166332320551243 0.310033420770713 0.07924338146308 0.773364028362811 0.179477134859769
temp_spectre.102 5.1e+07 5.2e+07 51500000.5 49 49 -0.621658843387179 0.900343779335454 0.615054146358688 1.26547354383779 0.666834251949691
temp_spectre.103 51500000 52500000 52000000.5 36 36 -0.960349404428092 0.429077485706755 -0.0771190656254353 1.32482790552911 -0.334821241569966
temp_spectre.104 5.2e+07 5.3e+07 52500000.5 67 67 -1.80137820558775 -0.549171222489783 -0.223572952058658 0.901939054432498 -0.829410088429385
temp_spectre.105 52500000 53500000 53000000.5 82 82 -0.478468658266599 -0.5328702283787 0.0565296164826685 1.1578644013593 -0.42529404995496
temp_spectre.106 5.3e+07 5.4e+07 53500000.5 65 65 0.753267257131233 -0.240626838276044 0.147977399451877 1.10791873920998 -0.301072010290618
temp_spectre.107 53500000 54500000 54000000.5 71 71 0.34151367744142 -0.358503345909689 -0.0778626182502092 0.258842482671631 -0.913161396826675
temp_spectre.108 5.4e+07 5.5e+07 54500000.5 75 75 0.746274664254113 -0.799069278210352 -0.108973740617964 -0.0433878748246376 -0.783265799615997
temp_spectre.109 54500000 55500000 55000000.5 77 77 1.13504142371152 -0.289685778911727 -0.250718603283561 0.00198723090799826 -0.295852359950716
temp_spectre.110 5.5e+07 5.6e+07 55500000.5 71 71 0.221087112019322 0.283820667446185 0.121640734701181 0.297893136004228 -0.193078611377246
temp_spectre.111 55500000 56500000 56000000.5 87 87 0.176960633850472 -0.409165293870062 0.791714725643994 -0.00661032900702596 -0.384993368142339
temp_spectre.112 5.6e+07 5.7e+07 56500000.5 93 93 -0.045242594869618 -0.715805575011314 0.793234308584839 -0.489605035120368 -0.120637057013748
temp_spectre.113 56500000 57500000 57000000.5 72 72 -0.388530999352938 -0.527500003035756 0.632230492742611 0.0162458888458842 0.128844542194407
temp_spectre.114 5.7e+07 5.8e+07 57500000.5 68 68 0.519087111390139 -1.06632137057419 0.0817930148884337 1.37527928236111 -0.385993766450998
temp_spectre.115 57500000 58500000 58000000.5 57 57 1.14265128372961 -1.11765201375486 -0.171570086985394 1.19211709234999 -0.786511750430036
temp_spectre.116 5.8e+07 5.9e+07 58500000.5 62 62 0.893467477810951 -0.137120816095169 0.772447003688159 0.618086614588196 -0.386271968076221
temp_spectre.117 58500000 59500000 59000000.5 74 74 1.07238229012272 -0.293041158074248 0.255866434798218 1.29529034282714 -0.178344902531415
temp_spectre.118 5.9e+07 6e+07 59500000.5 65 65 1.10901433725348 -0.113867113385191 -0.108188492445804 0.073379515509143 -0.220205664670788
temp_spectre.119 59500000 60500000 60000000.5 43 43 1.16528550748343 0.249481212317959 0.283960642060959 -0.712498918197148 -0.294252967404874
temp_spectre.120 6e+07 6.1e+07 60500000.5 41 41 1.10799962516598 -0.480794574035748 -0.513502639077114 -0.426493095666402 -1.01760343187264
temp_spectre.121 60500000 61500000 61000000.5 72 72 1.8474990555837 0.0951680266840555 -0.189807785164627 -0.336304918079969 -0.457731381060828
temp_spectre.122 6.1e+07 6.2e+07 61500000.5 73 73 1.97094894775535 -0.19732074053757 -0.275251690654945 -0.229432416489733 -0.15306360854936
temp_spectre.123 61500000 62500000 62000000.5 60 60 1.12730372632294 -0.850655984568891 -0.155010827111019 -0.195438921340009 -0.235974777936349
temp_spectre.124 6.2e+07 6.3e+07 62500000.5 44 44 0.567716495258072 -0.53574317394839 0.202108620579762 -0.0433878748246376 -0.211630621783366
temp_spectre.125 62500000 63500000 63000000.5 57 57 0.300914802938582 -0.0969873719495681 0.52874292189488 -0.0367974981391097 -0.128232523639344
temp_spectre.126 6.3e+07 6.4e+07 63500000.5 63 63 0.136670683549281 -0.426528750960098 0.369001595292024 -0.11663093335628 -0.516592886832228
temp_spectre.127 63500000 64500000 64000000.5 27 27 0.557351729880922 -0.708752922200091 -0.310119500295984 0.76120516705407 -0.939944978798035
temp_spectre.128 6.4e+07 6.5e+07 64500000.5 41 41 0.364296164804976 -0.390793344995093 2.09404015956767 0.898626319717783 -0.862342595767667
temp_spectre.129 64500000 65500000 65000000.5 49 49 0.262585999578428 -0.5674524527078 1.17479920598666 0.202247323858179 -1.04735777465567
temp_spectre.130 6.5e+07 6.6e+07 65500000.5 35 35 1.18305694267921 -1.03192250852407 0.109600941540204 -0.189377402523802 -1.08627928574969
temp_spectre.131 65500000 66500000 66000000.5 32 32 1.28125806064741 -0.945661885759754 -0.00387968818717374 0.398800236868455 -1.0312679182102
temp_spectre.132 6.6e+07 6.7e+07 66500000.5 24 24 0.806167832320075 -0.768558478888824 -0.282779718254638 0.508085973155022 -1.00837810959018
temp_spectre.133 66500000 67500000 67000000.5 52 52 0.393450794453538 -0.710202959651856 -0.547860050392433 -0.496052496856675 -1.03108627393116
temp_spectre.134 6.7e+07 6.8e+07 67500000.5 58 58 -0.262158312571636 -0.222866292806945 -0.162030382333685 0.12892091675087 -0.511263260465315
temp_spectre.135 67500000 68500000 68000000.5 30 30 -0.373043891856992 0.369478033593181 1.01343539979149 0.716830268753384 0.513673760303836
temp_spectre.136 6.8e+07 6.9e+07 68500000.5 23 23 0.807302905873153 -0.102520486788247 0.270087233521312 1.12413909579021 -0.333122176565484
temp_spectre.137 68500000 69500000 69000000.5 45 45 0.338405014918872 -0.879876071271667 -0.035898794289559 0.0261177716220091 -0.9606185656096
temp_spectre.138 6.9e+07 7e+07 69500000.5 65 65 -0.00207059684295922 -0.696506750210631 0.55821814521838 0.687166776696833 -0.765618441077228
temp_spectre.139 69500000 70500000 70000000.5 69 69 -0.119410999994358 -0.230866966041017 0.34935537503922 0.492188487949522 -0.461043296339233
temp_spectre.140 7e+07 7.1e+07 70500000.5 70 70 0.438451315320438 -0.0315037300130608 -0.10058822603277 -0.0183955287502482 -0.531493496123549
temp_spectre.141 70500000 71500000 71000000.5 65 65 0.484177195350966 -0.245959931280101 -0.592692838823347 -1.24578372292415 -0.906211826575563
temp_spectre.142 7.1e+07 7.2e+07 71500000.5 65 65 0.431603024397348 -0.234786367477078 -0.374691360154761 -0.65102283605101 -0.62139142931353
temp_spectre.143 71500000 72500000 72000000.5 73 73 -0.0111120305650495 -0.721756328445516 -0.474422212157626 -0.636204402856002 -0.914976674666104
temp_spectre.144 7.2e+07 7.3e+07 72500000.5 61 61 -0.282100825356914 -1.16030388764641 -0.397127976240283 -0.847213927214723 -1.21517587385458
temp_spectre.145 72500000 73500000 73000000.5 48 48 0.376233828628542 -0.0604332775587594 0.837423391461961 -0.208598354318846 0.143947871881861
temp_spectre.146 7.3e+07 7.4e+07 73500000.5 60 60 0.777608290283572 -0.342082670007245 0.578862175632213 -0.446351886279594 -0.575588862863569
temp_spectre.147 73500000 74500000 74000000.5 44 44 0.500009546543762 -0.973451143239783 0.144275166727089 -0.70337267601812 -1.28361166297824
temp_spectre.148 7.4e+07 7.5e+07 74500000.5 40 40 0.492524425302128 -0.580656056884759 0.691524202360231 0.784645098810394 -0.578966685220181
temp_spectre.149 74500000 75500000 75000000.5 75 75 1.23558314677986 -0.78822449197456 -0.343175273884844 1.1363648742239 -0.918981224433007
temp_spectre.150 7.5e+07 7.6e+07 75500000.5 74 74 1.28485219602529 -0.881239302814472 -1.12387910690932 0.584656788649862 -1.1464141905549
temp_spectre.151 75500000 76500000 76000000.5 44 44 0.388329649377818 -1.31786672718786 -1.55070167490436 -0.0633969679522978 -1.53603195251855
temp_spectre.152 7.6e+07 7.7e+07 76500000.5 28 28 0.760525804340755 -1.36611315308321 -1.08787206211406 NA -1.29886191502094
temp_spectre.153 76500000 77500000 77000000.5 65 65 1.36885574098202 -1.8497243851868 -1.124270333509 -1.29503085280462 -1.49907247188387
temp_spectre.154 7.7e+07 7.8e+07 77500000.5 73 73 1.58893234753878 -1.61742183176376 -0.786986302883097 0.188976293651424 -1.3296590042305
temp_spectre.155 77500000 78500000 78000000.5 34 34 2.08241890364513 -0.523598376616459 -0.0208390967364375 1.39400315180169 -0.501979152824278
temp_spectre.156 7.8e+07 7.9e+07 78500000.5 32 32 1.33407468731514 -0.137318126014875 -0.516076459022127 1.73257003401283 -0.256732860736773
temp_spectre.157 78500000 79500000 79000000.5 16 16 1.15222519965629 0.398344095630759 -0.236387751815248 1.82733868500194 0.572257355466458
temp_spectre.158 79500000 80500000 80000000.5 8 8 -1.03445609310508 -0.582784417188607 -0.70396754121209 -1.13197224468829 -1.3384992040804
temp_spectre.159 8e+07 8.1e+07 80500000.5 23 23 -0.22482972229546 0.655740116809698 0.0910211505179002 -1.06907308062716 -0.448938038432646
temp_spectre.160 80500000 81500000 81000000.5 33 33 0.154174466010461 -0.0722349049515839 0.637634328545444 -1.10999593672822 -0.700395407325586
temp_spectre.161 8.1e+07 8.2e+07 81500000.5 35 35 -0.639147912015708 -0.645208025650019 -0.340769676303875 0.386471198513259 -1.17399179674983
temp_spectre.162 81500000 82500000 82000000.5 30 30 -1.17655984551731 -0.571742178292195 -1.24961926473757 0.491191300230161 -1.30047131299716
temp_spectre.163 8.2e+07 8.3e+07 82500000.5 39 39 0.688438902959798 0.717102180178468 0.703616366201803 0.584656788649862 0.347315147540652
temp_spectre.164 82500000 83500000 83000000.5 203 203 0.603379357867668 0.227010565992474 0.448797819609563 0.473348119425779 0.353943647806571
temp_spectre.165 8.3e+07 8.4e+07 83500000.5 198 198 0.576319876302833 -0.00887297148139341 0.270001011624991 0.215789230585894 0.149580439719673
temp_spectre.166 83500000 84500000 84000000.5 33 33 1.08717781425268 0.265326649619572 0.392210523099558 -1.3008795799995 0.383386350369397
temp_spectre.167 8.4e+07 8.5e+07 84500000.5 25 25 1.04384991661107 1.44520533292421 1.30615541541973 -0.45005845940381 1.80828754059491
temp_spectre.168 84500000 85500000 85000000.5 20 20 1.11264339565418 1.75734228080994 1.59287555516776 0.188976293651424 2.50665186615808
temp_spectre.169 8.5e+07 8.6e+07 85500000.5 14 14 0.996601289377143 1.58966175236929 1.34503797354845 -0.735277831069717 1.43551303811762
temp_spectre.170 85500000 86500000 86000000.5 10 10 1.01382372509272 0.793310217926568 0.5838540605709 -0.931688343455164 0.534511274869338
temp_spectre.171 8.6e+07 8.7e+07 86500000.5 70 70 0.868367432311645 0.37507630654452 0.887936562608809 0.74806889929507 0.77094489563898
temp_spectre.172 86500000 87500000 87000000.5 74 74 0.968946072070178 0.415113768667688 0.941799937126898 0.797190564264847 0.741630813653623
temp_spectre.173 8.7e+07 8.8e+07 87500000.5 36 36 0.239324498645812 0.478554676309356 0.430975279213833 0.0178381142674159 0.0627850670091164
temp_spectre.174 87500000 88500000 88000000.5 57 57 -0.0791087618010814 -0.1239729795562 0.0935798274742278 -0.39252460214091 -0.28269497867426
temp_spectre.175 8.8e+07 8.9e+07 88500000.5 57 57 0.0925161635852271 0.225147357400601 0.976787426289477 0.181690251658402 0.615487765177707
temp_spectre.176 88500000 89500000 89000000.5 104 104 0.931279595543157 0.628631313791742 2.16032720789224 0.848548327675735 1.70807680483518
temp_spectre.177 8.9e+07 9e+07 89500000.5 79 79 1.34929816891569 0.448984259385843 2.21144626192848 0.95462834963031 1.71060127849884
temp_spectre.178 89500000 90500000 90000000.5 47 47 1.24548872039625 -0.189234796528998 0.14018190165645 0.524279814189277 -0.252794026282017
temp_spectre.179 9e+07 9.1e+07 90500000.5 84 84 0.501144076865275 -0.557456309797722 -0.61226931489288 -0.164455928188782 -0.87521629711573
temp_spectre.180 90500000 91500000 91000000.5 49 49 -0.589501708431958 -1.15721093400574 -1.28716952586098 -0.860139778012085 -1.513487450547
temp_spectre.181 9.1e+07 9.2e+07 91500000.5 84 84 0.11784758931586 -0.31747132064645 0.473455316709939 0.144325516653394 -0.880555697273617
temp_spectre.182 91500000 92500000 92000000.5 111 111 0.708989413844947 0.274257497213237 1.07444739684714 0.257805135055833 -0.239141388404102
temp_spectre.183 9.2e+07 9.3e+07 92500000.5 46 46 1.01303669756694 0.962311001198978 2.06486587316077 0.139486973735784 0.382509233955839
temp_spectre.184 92500000 93500000 93000000.5 16 16 -0.659906924017206 0.112518939687485 1.22426954165061 -0.825819064619702 -1.13432651920597
temp_spectre.185 9.3e+07 9.4e+07 93500000.5 13 13 1.53597193673446 0.193093771530519 -0.790306515071614 -0.496052496856675 -1.17116165556048
temp_spectre.186 93500000 94500000 94000000.5 12 12 0.330392776396126 0.170685601476681 0.65153077235874 0.375219196340304 -0.385307161550195
temp_spectre.187 9.4e+07 9.5e+07 94500000.5 18 18 0.25304313662348 0.0143245967057416 1.49171299805203 1.40307436914905 0.824804959712263
temp_spectre.188 94500000 95500000 95000000.5 33 33 1.27216563699182 0.355685142251571 1.82382165041107 1.21037595024746 0.879817490561761
temp_spectre.189 9.5e+07 9.6e+07 95500000.5 29 29 1.38566078029354 0.434449650024667 2.24430013830915 0.618086614588196 0.0444261843915743
temp_spectre.190 95500000 96500000 96000000.5 26 26 0.576190259136343 -0.730394627534588 0.215528376849164 -0.273069996542386 -1.08285197528842
temp_spectre.191 9.6e+07 9.7e+07 96500000.5 25 25 0.23974247933908 -0.654237081827478 0.391093733830914 0.312778161587699 -0.847128405003854
temp_spectre.192 96500000 97500000 97000000.5 41 41 0.842599000553955 -0.495538812952717 1.39034755730469 0.993805001029656 -0.685948977310288
temp_spectre.193 9.7e+07 9.8e+07 97500000.5 47 47 0.999350428970842 -0.35973559203315 1.21539290826362 1.05797307706067 -0.450687365761125
temp_spectre.194 97500000 98500000 98000000.5 25 25 0.476030734741173 -0.0202195835341056 0.320315845457432 0.850854043570307 -0.748498598897268
temp_spectre.195 9.8e+07 9.9e+07 98500000.5 26 26 0.708806507534498 0.833132631531386 0.565947354377898 0.904484562038506 -0.238207689719819
temp_spectre.196 98500000 99500000 99000000.5 98 98 0.547905026892346 0.41870363747534 0.484045723991894 0.66509018800178 0.259221248229296
temp_spectre.197 9.9e+07 1e+08 99500000.5 82 82 0.437788911255165 0.30495608589689 0.353758085408046 0.551730468487815 0.165662257503015
temp_spectre.198 1e+08 1.01e+08 100500000.5 13 13 -0.942971440763867 -1.77786912754319 -1.13144752436637 -0.0500173782536688 -1.50280794111395
temp_spectre.199 100500000 101500000 101000000.5 64 64 1.90804331735807 0.937895074025445 0.864368239345373 1.77433724924492 1.61608382101284
temp_spectre.200 1.01e+08 1.02e+08 101500000.5 54 54 2.19920692840397 1.36300276507051 1.25998757969486 1.85648101757705 2.19527717231141
temp_spectre.201 101500000 102500000 102000000.5 8 8 -0.761949160464276 -0.279179908559384 0.533557750774419 1.39258911032583 -0.548208550403325
temp_spectre.202 1.02e+08 1.03e+08 102500000.5 10 10 -1.66706056196223 -0.556397670888274 1.217964186346 0.149079133055416 -1.09247031539113
temp_spectre.203 102500000 103500000 103000000.5 8 8 -1.56221758342572 -0.414115245727928 1.93304381062033 -0.0572222934960183 -1.00685937619806
temp_spectre.204 1.03e+08 1.04e+08 103500000.5 73 73 -0.985763411912543 -0.398813801355254 0.360740009560792 0.418446772370923 0.171673529784635
temp_spectre.205 103500000 104500000 104000000.5 80 80 -0.585877931906826 -0.37999760634468 0.315182223413659 0.308471891538974 0.197827170125201
temp_spectre.206 1.04e+08 1.05e+08 104500000.5 38 38 0.687321262088013 0.0610176704205814 1.39612492150863 0.694865067131996 0.104767973720818
temp_spectre.207 104500000 105500000 105000000.5 36 36 0.203308313176934 -0.0520224509667668 1.40826930084657 0.881061354335348 -0.125574017530506
temp_spectre.208 1.05e+08 1.06e+08 105500000.5 18 18 1.28054886463313 0.920672614243941 0.954186371007647 1.56816707186645 1.17699705410827
temp_spectre.209 105500000 106500000 106000000.5 47 47 1.13917071402016 0.883994464041941 1.75347752575012 1.02599568189658 1.22795792906579
temp_spectre.210 1.06e+08 1.07e+08 106500000.5 40 40 0.752596320000224 0.628404013989613 1.96209143043434 0.691685005254506 0.846384731088863
temp_spectre.211 106500000 107500000 107000000.5 35 35 1.30104063673555 -0.12757523345541 0.890704786521034 0.591863605432267 -0.245045073496098
temp_spectre.212 1.07e+08 1.08e+08 107500000.5 39 39 1.19907799913826 -0.471073159221869 0.735505028118135 0.455738288234359 -0.534283458654965
temp_spectre.213 107500000 108500000 108000000.5 7 7 -1.1117331765569 -1.42889759772622 0.226149415171559 -0.0500173782536688 -1.37487111191062
temp_spectre.214 1.08e+08 1.09e+08 108500000.5 17 17 -1.49288680929562 -1.28123542125562 0.320085849285186 0.561681986158284 -1.28215468151859
temp_spectre.215 108500000 109500000 109000000.5 34 34 -0.0505538896091955 -0.851814004582453 0.540141325123397 0.615576017451612 -1.0285866174737
temp_spectre.216 1.09e+08 1.1e+08 109500000.5 20 20 0.63552327207577 0.304481860240802 1.06490642788613 0.731241131680617 -0.316272870761758
temp_spectre.217 109500000 110500000 110000000.5 14 14 -1.30657558390059 -0.92432239908506 0.603133464796195 1.2188293423604 -0.828817102731101
temp_spectre.218 1.1e+08 1.11e+08 110500000.5 21 21 -1.68718571404525 -0.730394627534588 0.231912070088537 1.01615201597556 -0.663877772336331
temp_spectre.219 110500000 111500000 111000000.5 88 88 -0.00914525401697494 0.317091555656147 0.734928996799339 1.16625768089922 0.383380171893393
temp_spectre.220 1.11e+08 1.12e+08 111500000.5 154 154 0.368753275520445 0.262505673915165 0.933857810100371 1.17759405671142 0.481812646134908
temp_spectre.221 111500000 112500000 112000000.5 108 108 0.352040103419463 0.363589209725705 1.0411731151056 0.75813048883603 0.563225431542495
temp_spectre.222 1.12e+08 1.13e+08 112500000.5 61 61 -0.457717388517639 -0.142777211130599 0.28268894003505 -0.295720514627034 -0.288891676331862
temp_spectre.223 112500000 113500000 113000000.5 55 55 -0.444869047316356 -0.767719638418088 0.175440198753591 0.936673148085352 -0.6337704450544
temp_spectre.224 1.13e+08 1.14e+08 113500000.5 55 55 0.27389020161174 -0.685224343806932 1.11764866978781 0.803141180044048 -0.587846480870968
temp_spectre.225 113500000 114500000 114000000.5 46 46 0.467578152882579 -1.089377952993 1.49300024460176 -0.246247170256818 -1.21311781852429
temp_spectre.226 1.14e+08 1.15e+08 114500000.5 38 38 0.263557573643558 -1.2670025284871 0.900215425949809 -0.630950399390692 -1.19910349581297
temp_spectre.227 114500000 115500000 115000000.5 50 50 0.210740059708818 -0.120915934052172 1.36715642221301 1.17031919957036 -0.210974725558958
temp_spectre.228 1.15e+08 1.16e+08 115500000.5 52 52 0.32142253649313 0.150537607066088 0.87820061663279 1.49936572008499 0.0697710006138611
temp_spectre.229 115500000 116500000 116000000.5 48 48 0.511675387523651 -0.59323427150302 -0.621275993552596 1.8192448539222 -0.407202987457239
temp_spectre.230 1.16e+08 1.17e+08 116500000.5 49 49 0.395163395961325 -0.611496351378725 -0.500750440714925 0.466624544373222 -0.362741201887771
temp_spectre.231 116500000 117500000 117000000.5 53 53 -0.325310211328101 -0.808657918805786 -0.11436835801891 -0.32862244850155 -0.602955836872047
temp_spectre.232 1.17e+08 1.18e+08 117500000.5 97 97 0.0470521092673203 -0.654212991949293 0.202547238234705 -0.62574771814072 -0.44427504758308
temp_spectre.233 117500000 118500000 118000000.5 149 149 0.0882951132310363 -0.0011073886511302 -0.28661608870433 -0.842611787459903 -0.337437175972665
temp_spectre.234 1.18e+08 1.19e+08 118500000.5 110 110 -0.284775290959902 0.176748768895583 -0.660835419266212 -0.371632782870166 -0.337365320934389
temp_spectre.235 118500000 119500000 119000000.5 53 53 -0.632935082587136 -0.440606725421912 -0.785189542201247 1.90624575648614 -0.635568690262288
temp_spectre.236 1.19e+08 1.2e+08 119500000.5 49 49 -0.695255646561779 -0.70288768668789 -0.666889545574776 1.3170892898107 -1.07619002743267
temp_spectre.237 119500000 120500000 120000000.5 56 56 -0.155447990823662 -0.357503079867905 0.61496401476937 0.543985258206391 -0.448002669913755
temp_spectre.238 1.2e+08 1.21e+08 120500000.5 70 70 0.221087112019322 -0.328181234265952 0.520108255592023 -0.25122302664494 -0.302863362725547
temp_spectre.239 120500000 121500000 121000000.5 69 69 0.202024865891239 -0.678669788819376 0.453076387796013 -0.547912860861428 -0.80961405167218
temp_spectre.240 1.21e+08 1.22e+08 121500000.5 65 65 0.705102372204644 -0.740268289331252 0.0758269109151274 -0.874308243808941 -0.947176323663446
temp_spectre.241 121500000 122500000 122000000.5 66 66 -0.142941754653686 -0.133579069330409 -0.128331629514528 -1.26660432459617 -0.7370195314067
temp_spectre.242 1.22e+08 1.23e+08 122500000.5 61 61 -0.63493279022945 -0.430738754878757 -0.435470294732655 -1.45325510045285 -0.96749203830794
temp_spectre.243 122500000 123500000 123000000.5 89 89 0.611130573493208 -0.722252992388577 -0.374092156594226 -1.06416403567905 -0.657219143117457
temp_spectre.244 1.23e+08 1.24e+08 123500000.5 131 131 0.64151508361043 -0.249716981949635 -0.024297823791619 -0.228655913928203 -0.347299334743874
temp_spectre.245 123500000 124500000 124000000.5 103 103 0.600349331552274 -0.200837916902663 0.2046356562808 0.0940890150956361 -0.215477300496776
temp_spectre.246 1.24e+08 1.25e+08 124500000.5 86 86 -0.0932103216340101 0.400465448940891 0.443454776823569 0.650114829641013 0.433902357645508
temp_spectre.247 124500000 125500000 125000000.5 108 108 0.167634056680452 0.921046713131961 0.338680790157553 1.15913005054871 0.632167908428788
temp_spectre.248 1.25e+08 1.26e+08 125500000.5 82 82 0.78378688104427 0.693742397718208 0.136383756635835 1.15310714535948 0.111516492920755
temp_spectre.249 125500000 126500000 126000000.5 71 71 0.601045245113737 -1.41142372460198 0.441593976409833 0.49787674526413 -1.20105716443298
temp_spectre.250 1.26e+08 1.27e+08 126500000.5 72 72 -0.086256119897838 -1.38647054649398 0.163600739498828 0.0291551776419025 -1.28440621882463
temp_spectre.251 126500000 127500000 127000000.5 60 60 -0.137616554267226 -0.451553842690208 0.29748409053977 -0.469237684157037 -0.751171322427491
temp_spectre.252 1.27e+08 1.28e+08 127500000.5 70 70 0.537999294027468 -0.782607086049967 0.0403210777969265 -0.482042194412233 -1.00891198929539
temp_spectre.253 127500000 128500000 128000000.5 66 66 0.943643877455766 -1.12647807842677 -0.344958185386811 0.00911417192505784 -1.23717008380806
temp_spectre.254 1.28e+08 1.29e+08 128500000.5 61 61 0.75607498770175 -1.17974163961161 -0.878060647037983 0.817290802488953 -1.03834954630426
temp_spectre.255 128500000 129500000 129000000.5 55 55 0.492524425302128 -1.01533038200747 -1.07730501043653 0.158951158373002 -0.762748418411403
temp_spectre.256 1.29e+08 1.3e+08 129500000.5 39 39 0.250766734768752 0.0295199111812882 0.136854094485021 0.0178381142674159 -0.0837195035075513
temp_spectre.257 129500000 130500000 130000000.5 54 54 0.339883782216979 0.108009428082913 0.836370455523189 0.524279814189277 0.192656110586291
temp_spectre.258 1.3e+08 1.31e+08 130500000.5 64 64 0.470907758066844 -0.17947222823092 0.397622228468989 0.115903505497508 0.26075267529508
temp_spectre.259 130500000 131500000 131000000.5 71 71 0.696418520157887 -0.0157898256985515 0.566485939044323 -0.758734348957361 0.608310671339658
temp_spectre.260 1.31e+08 1.32e+08 131500000.5 79 79 0.498436908273138 0.123524827131606 0.634554574322961 -1.39030798108783 0.383303945447523
temp_spectre.261 131500000 132500000 132000000.5 92 92 0.387495663113676 -0.0941970349589654 -0.577498584899601 -0.179513192022545 -0.175518793800766
temp_spectre.262 1.32e+08 1.33e+08 132500000.5 75 75 0.509423704798305 0.0236542580934136 -0.261882193097599 0.336249677012291 0.246544484118203
temp_spectre.263 132500000 133500000 133000000.5 45 45 0.68629170713336 0.791420346380456 0.731957263246972 0.332591274105535 0.8635363993816
temp_spectre.264 1.33e+08 1.34e+08 133500000.5 38 38 1.18128110048417 1.15187692417645 0.426052154355887 0.619627194149926 0.994057520123325
temp_spectre.265 133500000 134500000 134000000.5 66 66 1.00037885345436 0.166385896587701 0.527437695234932 1.25628417650458 0.246335652806231
temp_spectre.266 1.34e+08 1.35e+08 134500000.5 108 108 0.76598219169866 -0.383032730305283 0.939063151320796 0.619497951263196 -0.1322768684271
temp_spectre.267 134500000 135500000 135000000.5 100 100 0.282981135406034 -0.306956096724767 1.10227650471085 0.00821082645054865 -0.0393669491681847
temp_spectre.268 1.35e+08 1.36e+08 135500000.5 158 158 0.0958989547696176 0.248415880830964 0.626885354213302 0.38744392767394 0.263553641760657
temp_spectre.269 135500000 136500000 136000000.5 148 148 0.224509146774064 0.518755736808213 0.728843645018554 0.603145472867509 0.563755688647582
temp_spectre.270 1.36e+08 1.37e+08 136500000.5 67 67 0.126426016805725 0.497225152935346 0.650593565042123 0.612456560151325 0.591891847935886
temp_spectre.271 136500000 137500000 137000000.5 67 67 0.207443316019818 -0.669007632326969 0.221948182199256 0.610593852291194 -0.356712832348558
temp_spectre.272 1.37e+08 1.38e+08 137500000.5 86 86 -0.698077805753072 -0.420261073894602 -0.737029898538376 1.5723943326817 -0.302752269159764
temp_spectre.273 137500000 138500000 138000000.5 71 71 -0.489912426166555 -0.191461579796892 -0.777402882607752 1.95555566457842 -0.00505939937185966
temp_spectre.274 1.38e+08 1.39e+08 138500000.5 51 51 1.13528716626965 -0.417895427468505 0.148817604569169 0.742415773524147 -0.0031119470779221
temp_spectre.275 138500000 139500000 139000000.5 54 54 0.734176546244714 -0.0636041019893706 0.0802651400549025 0.723276510487058 -0.278967749024846
temp_spectre.276 1.39e+08 1.4e+08 139500000.5 43 43 -0.272440099460984 0.587574944123302 0.322362954895911 0.808244766314094 0.394231345126037
temp_spectre.277 139500000 140500000 140000000.5 39 39 0.239389247029453 0.841221590688752 0.739628485008817 0.744341580435734 1.2136023142108
temp_spectre.278 1.4e+08 1.41e+08 140500000.5 39 39 0.068211611434998 0.388673589864968 0.447565064819147 0.73987633040987 0.313965254850484
temp_spectre.279 140500000 141500000 141000000.5 77 77 -0.861723466773998 0.650698469798852 0.298268698317175 1.12670528673053 0.878976939418618
temp_spectre.280 1.41e+08 1.42e+08 141500000.5 92 92 -0.400054446197356 0.30826818254764 0.282832736965579 1.18788085086569 0.419980811848639
temp_spectre.281 141500000 142500000 142000000.5 62 62 -0.176621749244655 -0.740925753640657 -0.0784445300612608 0.28971462917767 -1.01715124099362
temp_spectre.282 1.42e+08 1.43e+08 142500000.5 120 120 0.13501764386516 -0.154370350589165 -0.142309799517858 0.0155685033126836 -0.726247618568502
temp_spectre.283 142500000 143500000 143000000.5 133 133 0.202188711722115 -0.614576658237667 -0.374897844078483 -0.0364643539347411 -0.948050650511898
temp_spectre.284 1.43e+08 1.44e+08 143500000.5 75 75 0.727592517902284 -0.538768963280676 0.312672354283282 0.257622221225505 -0.147142139108637
temp_spectre.285 143500000 144500000 144000000.5 60 60 0.991632139329171 0.516583573119679 0.540309320476353 0.727988922630175 1.06744046781952
temp_spectre.286 1.44e+08 1.45e+08 144500000.5 47 47 0.183500896464141 0.546083435898038 0.0762543126559134 0.197714767286357 0.372357686633542
temp_spectre.287 144500000 145500000 145000000.5 72 72 0.290163357936055 0.422622650776678 0.836206020113282 0.657507391898819 0.13238328445019
temp_spectre.288 1.45e+08 1.46e+08 145500000.5 78 78 0.206345400377248 0.0442187731666669 0.49584591053133 0.94153800938349 0.184109856217242
temp_spectre.289 145500000 146500000 146000000.5 67 67 -0.117091013335788 -0.703670465432986 -0.526686805285354 0.336249677012291 -0.475307377039751
temp_spectre.290 1.46e+08 1.47e+08 146500000.5 64 64 -0.369086539673532 -0.783573751432564 -0.49640996974011 -0.356762590560969 -0.955121358187956
temp_spectre.291 146500000 147500000 147000000.5 45 45 -0.247898830689111 -0.463224739591642 -0.14721879249489 0.563855943643449 -0.588289837535677
temp_spectre.292 1.47e+08 1.48e+08 147500000.5 69 69 -0.0798657186483077 -0.367919600201273 -0.279054932328578 1.23974894158541 -0.108801733528457
temp_spectre.293 147500000 148500000 148000000.5 89 89 -0.123151800216913 -0.557777533405362 -0.323859058335356 1.19211709234999 -0.364966486941091
temp_spectre.294 1.48e+08 1.49e+08 148500000.5 70 70 0.195472106241979 -0.96960337311239 -0.481088171746176 0.512896718689335 -0.929082159252041
temp_spectre.295 148500000 149500000 149000000.5 61 61 0.177865829414117 -0.819078251908113 -0.049209213839203 0.00194937179622333 -0.797022089588394
temp_spectre.296 1.49e+08 1.5e+08 149500000.5 66 66 0.0536611991044692 -0.552452908691755 -0.163478527905506 0.758452736308718 -0.503339200848769
temp_spectre.297 149500000 150500000 150000000.5 58 58 -0.116665950529111 -0.480924085843151 -0.531485658137704 0.109005496223687 -0.372841978806843
temp_spectre.298 1.5e+08 1.51e+08 150500000.5 66 66 0.494752350687944 -0.295245994523021 0.088144952379285 -0.482042194412233 -0.0989333618388147
temp_spectre.299 150500000 151500000 151000000.5 78 78 1.12139428913385 0.279314835344312 -0.0252291055009534 0.0467339179375122 0.530829591744559
temp_spectre.300 1.51e+08 1.52e+08 151500000.5 76 76 1.07907297596129 0.258540883813013 -0.356838072168425 0.29111795045267 0.412789884373332
temp_spectre.301 151500000 152500000 152000000.5 73 73 0.494752350687944 -0.294996438868801 -0.464230300208948 0.254563300905051 -0.496191463940245
temp_spectre.302 1.52e+08 1.53e+08 152500000.5 84 84 -0.209541062428654 -0.487901213121865 -0.0871451960891538 0.851537049450553 -0.516045298833835
temp_spectre.303 152500000 153500000 153000000.5 101 101 0.131626247162993 -0.747115930970089 0.488582220914214 0.392230844532819 -0.715790527821648
temp_spectre.304 1.53e+08 1.54e+08 153500000.5 72 72 0.769254228958007 -0.654167560440813 0.488546560294714 -0.259724953089303 -0.830165594440708
temp_spectre.305 153500000 154500000 154000000.5 55 55 1.07055528203691 0.355805231993625 0.455124160467778 0.208896820522316 0.0471375636276083
temp_spectre.306 1.54e+08 1.55e+08 154500000.5 56 56 0.776417340480937 0.208769326942622 -0.0222642006221924 0.591727406563303 -0.413486955207794
temp_spectre.307 154500000 155500000 155000000.5 75 75 -0.34239382789873 -0.51142179282801 -0.253630162625255 0.0707469902760631 -0.796520876930997
temp_spectre.308 1.55e+08 1.56e+08 155500000.5 97 97 0.148496645109225 -0.357885968132798 0.333072903399223 -0.302818730065581 -0.0702593964383417
temp_spectre.309 155500000 156500000 156000000.5 71 71 0.751114121826383 -0.491381694211192 0.590321256419761 -0.33440553501318 0.388547366848838
temp_spectre.310 1.56e+08 1.57e+08 156500000.5 83 83 -0.224845910442124 -1.02320250728 0.566954184364057 0.411096701878398 -0.708995821250264
temp_spectre.311 156500000 157500000 157000000.5 123 123 0.265557834353223 -0.391463549591012 1.05219197815394 -0.236594501377428 -0.178741492203825
temp_spectre.312 1.57e+08 1.58e+08 157500000.5 129 129 0.98401252868901 0.0461032864003555 0.454728177161579 -0.367525580526639 0.422085055190507
temp_spectre.313 157500000 158500000 158000000.5 108 108 0.584633259513023 -0.0161936446558369 -0.00648186764293403 -0.48219191920107 0.326856206794133
temp_spectre.314 1.58e+08 1.59e+08 158500000.5 82 82 0.278135985167885 0.183913534750485 0.00795129786827281 -0.264480044306746 0.430883430355398
temp_spectre.315 158500000 159500000 159000000.5 80 80 0.486220547892158 0.0802664759592745 -0.282771402745065 -0.215726772334603 0.0779527157151001
temp_spectre.316 1.59e+08 1.6e+08 159500000.5 101 101 0.384976305408146 0.121966208587663 0.0733379227406855 -0.557028661802927 0.0376727790857415
temp_spectre.317 159500000 160500000 160000000.5 106 106 0.39505289736204 0.227013273760815 0.377926146956305 -0.231009453686517 0.0999187637621165
temp_spectre.318 1.6e+08 1.61e+08 160500000.5 100 100 -0.0431321831284533 0.108955369998192 0.292887258163295 -0.0775567279073355 -0.318870518782906
temp_spectre.319 160500000 161500000 161000000.5 112 112 0.298995135365767 0.11019500838439 -0.0047164231306025 0.14743260595178 -0.113042705890003
temp_spectre.320 1.61e+08 1.62e+08 161500000.5 98 98 0.574424733136305 0.316793917720457 0.127743329342638 0.638256338324228 0.421736718471552
temp_spectre.321 161500000 162500000 162000000.5 66 66 0.516740171805195 0.930443251709314 0.569028256821333 0.717881730162987 0.955375693723662
temp_spectre.322 1.62e+08 1.63e+08 162500000.5 69 69 0.268649205735759 0.46760783943912 -0.18456004930668 0.181690251658402 0.302822225612227
temp_spectre.323 162500000 163500000 163000000.5 91 91 0.265369539656412 0.186801992579213 0.52365043496045 0.45904179628548 0.565853648730828
temp_spectre.324 1.63e+08 1.64e+08 163500000.5 102 102 0.830819107073842 -0.0837571453271824 0.820686314803324 0.540952925827534 0.611860057880431
temp_spectre.325 163500000 164500000 164000000.5 98 98 1.18817189789201 -0.531015525380384 0.139038283186853 -0.275724376812404 -0.131256334296602
temp_spectre.326 1.64e+08 1.65e+08 164500000.5 118 118 1.08347145489092 0.0355161594961303 0.449768472115122 -0.332484531214862 0.355022291107588
temp_spectre.327 164500000 165500000 165000000.5 96 96 1.11473060664053 0.175936642585731 0.582888909390831 -0.0277460682739159 0.677784804308028
temp_spectre.328 1.65e+08 1.66e+08 165500000.5 76 76 1.33353857964153 0.172504348593892 0.731279015788075 0.541554850178337 0.799262022471883
temp_spectre.329 165500000 166500000 166000000.5 127 127 0.989254984664013 0.223769864635777 0.441987648244962 0.482812619212643 0.526299929996454
temp_spectre.330 1.66e+08 1.67e+08 166500000.5 121 121 0.606795858112025 0.270490288687557 0.469917291255464 0.0184322334624871 0.378290789111977
temp_spectre.331 166500000 167500000 167000000.5 105 105 0.673591137427209 0.387159977123429 0.303542042161027 -0.204185652047244 0.38500629164942
temp_spectre.332 1.67e+08 1.68e+08 167500000.5 98 98 0.269738471690904 0.242449899567774 0.0428123636621553 -0.113629176601355 0.250398478865491
temp_spectre.333 167500000 168500000 168000000.5 84 84 -0.109812895994815 0.167442251987229 -0.340734927385048 -0.249507755558445 -0.275351881334578
temp_spectre.334 1.68e+08 1.69e+08 168500000.5 76 76 0.614817749807514 0.533894856766867 -0.650882740163199 -0.331569937322753 -0.238329590442835
temp_spectre.335 168500000 169500000 169000000.5 106 106 0.253589138475269 0.189898674193952 -0.231765908767146 -0.336224391583297 0.242974486713091
temp_spectre.336 1.69e+08 1.7e+08 169500000.5 107 107 0.370291974390973 -0.171396724658781 -0.132784070099541 -0.55548049025588 0.0316049056308925
temp_spectre.337 169500000 170500000 170000000.5 40 40 1.06412366355648 -0.315973982612819 -0.203918915113355 -1.33941870610644 -0.2009368051529
temp_spectre.338 1.7e+08 1.71e+08 170500000.5 66 66 0.939559701202938 -0.37943980112946 0.222140489574413 -0.239098438108658 -0.395292847722743
temp_spectre.339 170500000 171500000 171000000.5 104 104 0.574501487105031 -0.00736365012696545 0.093629860651805 -0.418028396718822 -0.0304614721660169
temp_spectre.340 1.71e+08 1.72e+08 171500000.5 51 51 -0.00880000842078617 0.572069571685938 -0.246205568141819 -0.938942563713281 0.512473138123928
temp_spectre.341 171500000 172500000 172000000.5 6 6 -0.452582483066983 1.02908119728395 -1.4810183059478 -1.29503085280462 -0.0782388380268297
