per_plot V2 V3 V4 V5 V6 V7
temp_spectre 500000.5 96 21 6 10 7 2
temp_spectre.1 1000000.5 70 17 8 7 8 2
temp_spectre.2 1500000.5 64 17 7 6 9 4
temp_spectre.3 2000000.5 52 16 5 4 6 3
temp_spectre.4 2500000.5 44 8 6 6 5 1
temp_spectre.5 3000000.5 46 6 7 7 4 1
temp_spectre.6 3500000.5 45 2 6 4 4 6
temp_spectre.7 4000000.5 41 2 3 2 5 9
temp_spectre.8 4500000.5 55 5 6 4 5 9
temp_spectre.9 5000000.5 104 26 15 6 4 9
temp_spectre.10 5500000.5 198 57 26 27 8 7
temp_spectre.11 6000000.5 398 154 62 46 7 5
temp_spectre.12 6500000.5 313 127 57 26 2 2
temp_spectre.13 7000000.5 76 11 17 4 6 2
temp_spectre.14 7500000.5 97 14 21 4 9 6
temp_spectre.15 8000000.5 102 21 17 11 8 7
temp_spectre.16 8500000.5 283 69 36 29 15 16
temp_spectre.17 9000000.5 394 98 55 37 27 23
temp_spectre.18 9500000.5 168 40 28 17 17 9
temp_spectre.19 10000000.5 46 3 12 3 6 3
temp_spectre.20 10500000.5 72 9 7 6 12 4
temp_spectre.21 11000000.5 83 9 4 6 11 4
temp_spectre.22 11500000.5 72 10 9 2 3 6
temp_spectre.23 12000000.5 90 23 17 6 2 3
temp_spectre.24 12500000.5 93 28 17 7 5 0
temp_spectre.25 13000000.5 252 71 19 8 26 15
temp_spectre.26 13500000.5 279 62 27 24 24 17
temp_spectre.27 14000000.5 96 4 15 22 6 5
temp_spectre.28 14500000.5 31 0 0 4 5 3
temp_spectre.29 15000000.5 14 2 3 2 0 0
temp_spectre.30 15500000.5 58 9 5 5 3 4
temp_spectre.31 16000000.5 85 15 10 4 6 4
temp_spectre.32 16500000.5 63 9 10 5 4 0
temp_spectre.33 17000000.5 67 9 3 8 9 1
temp_spectre.34 17500000.5 84 14 3 9 11 2
temp_spectre.35 18000000.5 98 10 13 8 8 5
temp_spectre.36 18500000.5 88 9 15 6 6 6
temp_spectre.37 19000000.5 66 11 11 3 5 4
temp_spectre.38 19500000.5 71 10 10 2 9 5
temp_spectre.39 20000000.5 79 7 7 11 12 4
temp_spectre.40 20500000.5 88 21 7 17 8 1
temp_spectre.41 21000000.5 73 19 10 13 3 0
temp_spectre.42 21500000.5 57 6 7 8 3 0
temp_spectre.43 22000000.5 65 12 4 3 3 0
temp_spectre.44 22500000.5 86 16 5 9 8 1
temp_spectre.45 23000000.5 95 19 3 12 14 2
temp_spectre.46 23500000.5 72 14 5 3 11 4
temp_spectre.47 24000000.5 73 12 10 0 6 3
temp_spectre.48 24500000.5 70 8 11 0 7 2
temp_spectre.49 25000000.5 58 6 4 4 6 2
temp_spectre.50 25500000.5 67 10 1 10 5 0
temp_spectre.51 26000000.5 56 5 4 8 10 0
temp_spectre.52 26500000.5 63 12 5 7 10 0
temp_spectre.53 27000000.5 73 19 4 6 9 3
temp_spectre.54 27500000.5 77 14 9 12 6 3
temp_spectre.55 28000000.5 86 9 10 13 4 1
temp_spectre.56 28500000.5 69 4 9 8 10 1
temp_spectre.57 29000000.5 76 9 15 11 6 3
temp_spectre.58 29500000.5 79 11 15 7 3 4
temp_spectre.59 30000000.5 79 6 8 6 10 3
temp_spectre.60 30500000.5 93 6 10 9 9 3
temp_spectre.61 31000000.5 76 9 14 10 3 1
temp_spectre.62 31500000.5 58 9 8 10 2 5
temp_spectre.63 32000000.5 58 11 9 8 3 5
temp_spectre.64 32500000.5 66 14 12 5 2 2
temp_spectre.65 33000000.5 61 13 7 7 3 2
temp_spectre.66 33500000.5 56 15 2 10 4 4
temp_spectre.67 34000000.5 55 10 1 5 3 13
temp_spectre.68 34500000.5 47 2 6 0 8 11
temp_spectre.69 35000000.5 50 7 6 8 9 4
temp_spectre.70 35500000.5 60 12 6 11 5 2
temp_spectre.71 36000000.5 67 7 8 7 12 1
temp_spectre.72 36500000.5 64 8 8 4 11 2
temp_spectre.73 37000000.5 76 9 11 2 5 10
temp_spectre.74 37500000.5 86 11 10 3 7 15
temp_spectre.75 38000000.5 73 17 6 7 3 7
temp_spectre.76 38500000.5 65 20 5 6 0 1
temp_spectre.77 39000000.5 61 16 6 3 3 0
temp_spectre.78 39500000.5 83 9 7 10 7 5
temp_spectre.79 40000000.5 100 6 5 21 12 6
temp_spectre.80 40500000.5 90 13 7 19 12 2
temp_spectre.81 41000000.5 62 12 12 8 6 2
temp_spectre.82 41500000.5 50 5 9 13 6 1
temp_spectre.83 42000000.5 61 7 6 16 11 2
temp_spectre.84 42500000.5 49 8 4 7 7 2
temp_spectre.85 43000000.5 42 6 4 8 0 0
temp_spectre.86 43500000.5 81 21 3 17 2 2
temp_spectre.87 44000000.5 84 24 1 19 5 3
temp_spectre.88 44500000.5 55 7 4 12 5 5
temp_spectre.89 45000000.5 57 12 5 9 4 4
temp_spectre.90 45500000.5 68 20 5 10 5 0
temp_spectre.91 46000000.5 79 23 6 5 5 2
temp_spectre.92 46500000.5 59 13 3 7 5 2
temp_spectre.93 47000000.5 49 4 7 8 7 0
temp_spectre.94 47500000.5 43 5 8 4 5 0
temp_spectre.95 48000000.5 32 3 2 2 2 1
temp_spectre.96 48500000.5 50 7 3 0 13 1
temp_spectre.97 49000000.5 69 10 7 3 13 4
temp_spectre.98 49500000.5 62 7 10 4 3 4
temp_spectre.99 50000000.5 32 4 7 2 2 0
temp_spectre.100 50500000.5 42 3 10 11 0 2
temp_spectre.101 51000000.5 64 4 9 12 2 2
temp_spectre.102 51500000.5 68 10 8 6 3 3
temp_spectre.103 52000000.5 71 23 8 6 2 4
temp_spectre.104 52500000.5 52 19 1 4 4 3
temp_spectre.105 53000000.5 49 15 1 2 7 5
temp_spectre.106 53500000.5 71 12 2 0 12 6
temp_spectre.107 54000000.5 90 6 11 5 10 4
temp_spectre.108 54500000.5 96 7 12 8 5 2
temp_spectre.109 55000000.5 93 7 4 5 10 3
temp_spectre.110 55500000.5 71 7 5 6 15 2
temp_spectre.111 56000000.5 67 11 8 9 12 0
temp_spectre.112 56500000.5 75 16 9 10 6 1
temp_spectre.113 57000000.5 47 13 5 6 3 1
temp_spectre.114 57500000.5 32 8 5 1 4 0
temp_spectre.115 58000000.5 47 3 10 3 10 0
temp_spectre.116 58500000.5 111 16 10 14 12 11
temp_spectre.117 59000000.5 110 17 6 19 10 12
temp_spectre.118 59500000.5 60 4 6 11 9 1
temp_spectre.119 60000000.5 60 2 11 6 7 0
temp_spectre.120 60500000.5 64 7 9 3 3 0
temp_spectre.121 61000000.5 57 10 2 0 0 3
temp_spectre.122 61500000.5 49 4 0 0 2 3
temp_spectre.123 62000000.5 62 9 2 3 2 1
temp_spectre.124 62500000.5 68 13 5 14 0 2
temp_spectre.125 63000000.5 61 14 5 12 1 1
temp_spectre.126 63500000.5 59 12 3 2 6 2
temp_spectre.127 64000000.5 64 6 3 2 9 3
temp_spectre.128 64500000.5 51 3 2 2 6 1
temp_spectre.129 65000000.5 42 3 0 1 5 1
temp_spectre.130 65500000.5 51 3 0 0 4 1
temp_spectre.131 66000000.5 37 4 1 0 1 0
temp_spectre.132 66500000.5 55 9 17 3 0 0
temp_spectre.133 67000000.5 64 9 22 4 0 1
temp_spectre.134 67500000.5 40 5 8 3 4 6
temp_spectre.135 68000000.5 70 8 7 16 6 10
temp_spectre.136 68500000.5 71 10 5 18 2 5
temp_spectre.137 69000000.5 46 14 0 9 0 0
temp_spectre.138 69500000.5 43 17 3 5 1 0
temp_spectre.139 70000000.5 49 7 5 1 9 2
temp_spectre.140 70500000.5 63 3 4 17 8 2
temp_spectre.141 71000000.5 55 3 2 18 1 0
temp_spectre.142 71500000.5 92 6 4 9 8 13
temp_spectre.143 72000000.5 137 7 6 12 8 13
temp_spectre.144 72500000.5 88 4 2 8 7 0
temp_spectre.145 73000000.5 25 2 0 4 6 0
temp_spectre.146 73500000.5 30 3 0 4 0 0
temp_spectre.147 74000000.5 50 6 0 10 0 0
temp_spectre.148 74500000.5 57 6 2 7 0 0
temp_spectre.149 75000000.5 36 3 2 1 0 0
temp_spectre.150 75500000.5 15 0 6 2 0 0
temp_spectre.151 76000000.5 29 0 6 6 1 0
temp_spectre.152 76500000.5 27 8 0 6 1 0
temp_spectre.153 77000000.5 18 8 0 1 1 0
temp_spectre.154 77500000.5 30 3 1 3 2 2
temp_spectre.155 78000000.5 59 14 4 5 3 3
temp_spectre.156 78500000.5 83 23 8 5 3 4
temp_spectre.157 79000000.5 52 12 5 4 1 3
temp_spectre.158 79500000.5 7 0 0 2 0 0
temp_spectre.159 80000000.5 51 14 3 4 3 2
temp_spectre.160 80500000.5 71 19 5 5 4 4
temp_spectre.161 81000000.5 29 6 2 2 2 3
temp_spectre.162 81500000.5 18 4 0 1 2 1
temp_spectre.163 82000000.5 42 6 1 5 4 7
temp_spectre.164 82500000.5 31 3 1 4 3 7
temp_spectre.165 83000000.5 26 0 0 0 5 14
temp_spectre.166 83500000.5 30 0 0 0 6 14
temp_spectre.167 84000000.5 37 12 2 2 1 4
temp_spectre.168 84500000.5 44 16 2 5 0 4
temp_spectre.169 85000000.5 33 6 0 3 1 3
temp_spectre.170 85500000.5 27 2 0 0 1 4
temp_spectre.171 86000000.5 7 0 0 0 1 1
temp_spectre.172 86500000.5 4 0 0 0 1 0
temp_spectre.173 87000000.5 2 0 0 0 0 0
temp_spectre.174 88000000.5 25 9 5 4 0 0
temp_spectre.175 88500000.5 48 13 5 4 0 0
temp_spectre.176 89000000.5 37 9 0 0 0 2
temp_spectre.177 89500000.5 16 5 0 0 0 4
temp_spectre.178 90000000.5 7 1 0 0 1 3
temp_spectre.179 90500000.5 58 9 11 2 5 13
temp_spectre.180 91000000.5 247 40 24 4 10 27
temp_spectre.181 91500000.5 232 37 13 2 11 17
temp_spectre.182 92000000.5 90 15 1 0 7 10
temp_spectre.183 92500000.5 58 12 1 0 2 8
temp_spectre.184 93000000.5 12 3 0 0 0 0
temp_spectre.185 93500000.5 12 2 0 0 0 0
temp_spectre.186 94000000.5 10 2 0 0 0 0
temp_spectre.187 94500000.5 6 2 0 0 0 0
temp_spectre.188 95000000.5 9 1 0 0 0 0
temp_spectre.189 95500000.5 22 2 3 1 3 1
temp_spectre.190 96000000.5 38 4 3 1 3 1
temp_spectre.191 96500000.5 248 36 33 15 18 17
temp_spectre.192 97000000.5 233 35 33 16 18 20
temp_spectre.193 97500000.5 11 2 0 1 0 3
temp_spectre.194 98000000.5 9 2 0 0 1 0
temp_spectre.195 98500000.5 11 2 0 0 1 0
temp_spectre.196 99000000.5 27 5 0 0 0 0
temp_spectre.197 99500000.5 49 12 1 0 5 1
temp_spectre.198 100000000.5 38 10 1 1 5 1
temp_spectre.199 100500000.5 29 2 0 4 0 0
temp_spectre.200 101000000.5 44 5 2 11 3 4
temp_spectre.201 101500000.5 39 6 2 9 3 4
temp_spectre.202 102000000.5 36 2 0 1 0 6
temp_spectre.203 102500000.5 44 9 2 1 0 6
temp_spectre.204 103000000.5 25 9 3 1 0 0
temp_spectre.205 103500000.5 12 3 1 0 0 0
temp_spectre.206 104000000.5 29 12 0 1 1 0
temp_spectre.207 104500000.5 46 20 0 4 3 0
temp_spectre.208 105000000.5 46 11 0 5 9 1
temp_spectre.209 105500000.5 43 3 2 3 9 1
temp_spectre.210 106000000.5 55 9 2 3 4 1
temp_spectre.211 106500000.5 78 16 5 6 3 4
temp_spectre.212 107000000.5 72 12 6 8 6 5
temp_spectre.213 107500000.5 123 53 2 6 5 4
temp_spectre.214 108000000.5 149 52 8 4 3 11
temp_spectre.215 108500000.5 104 7 14 10 10 13
temp_spectre.216 109000000.5 73 6 8 21 9 4
temp_spectre.217 109500000.5 96 4 7 17 2 8
temp_spectre.218 110000000.5 120 6 9 10 8 8
temp_spectre.219 110500000.5 74 6 5 8 12 0
temp_spectre.220 111000000.5 64 3 12 9 7 0
temp_spectre.221 111500000.5 79 10 10 7 4 1
temp_spectre.222 112000000.5 81 20 11 6 1 1
temp_spectre.223 112500000.5 67 19 14 6 0 0
temp_spectre.224 113000000.5 53 13 9 0 3 0
temp_spectre.225 113500000.5 61 13 9 1 4 0
temp_spectre.226 114000000.5 92 21 5 3 5 11
temp_spectre.227 114500000.5 90 16 6 2 4 11
temp_spectre.228 115000000.5 77 14 4 3 4 10
temp_spectre.229 115500000.5 50 14 1 3 5 10
temp_spectre.230 116000000.5 28 10 2 0 1 1
temp_spectre.231 116500000.5 55 9 3 6 3 4
temp_spectre.232 117000000.5 80 3 2 13 10 9
temp_spectre.233 117500000.5 82 4 2 9 10 7
temp_spectre.234 118000000.5 85 13 3 11 7 4
temp_spectre.235 118500000.5 84 12 3 15 4 3
temp_spectre.236 119000000.5 81 6 5 10 9 1
temp_spectre.237 119500000.5 83 9 8 7 12 3
temp_spectre.238 120000000.5 56 7 5 4 7 3
temp_spectre.239 120500000.5 64 7 9 3 9 4
temp_spectre.240 121000000.5 81 7 20 3 13 4
temp_spectre.241 121500000.5 98 2 17 9 13 15
temp_spectre.242 122000000.5 94 3 8 9 5 32
temp_spectre.243 122500000.5 51 3 5 2 0 20
temp_spectre.244 123000000.5 141 14 23 30 15 20
temp_spectre.245 123500000.5 163 19 22 39 18 19
temp_spectre.246 124000000.5 56 8 3 10 4 2
temp_spectre.247 124500000.5 32 9 1 0 3 1
temp_spectre.248 125000000.5 25 8 0 0 2 2
temp_spectre.249 125500000.5 44 12 0 2 2 2
temp_spectre.250 126000000.5 80 16 2 14 4 0
temp_spectre.251 126500000.5 83 7 6 16 3 0
temp_spectre.252 127000000.5 62 5 6 7 3 0
temp_spectre.253 127500000.5 69 11 4 6 3 1
temp_spectre.254 128000000.5 83 12 12 4 2 2
temp_spectre.255 128500000.5 70 16 19 2 6 2
temp_spectre.256 129000000.5 60 16 13 5 7 1
temp_spectre.257 129500000.5 55 9 6 6 7 3
temp_spectre.258 130000000.5 71 7 6 2 7 3
temp_spectre.259 130500000.5 86 11 12 1 11 0
temp_spectre.260 131000000.5 103 18 14 1 14 3
temp_spectre.261 131500000.5 104 16 15 1 9 3
temp_spectre.262 132000000.5 94 13 10 5 9 4
temp_spectre.263 132500000.5 91 10 3 10 8 4
temp_spectre.264 133000000.5 77 8 5 12 8 0
temp_spectre.265 133500000.5 77 15 10 8 8 3
temp_spectre.266 134000000.5 83 16 14 3 7 4
temp_spectre.267 134500000.5 92 15 14 3 9 2
temp_spectre.268 135000000.5 92 13 10 3 9 2
temp_spectre.269 135500000.5 88 5 11 8 9 3
temp_spectre.270 136000000.5 96 8 9 16 8 3
temp_spectre.271 136500000.5 88 20 3 10 9 3
temp_spectre.272 137000000.5 90 21 17 3 9 3
temp_spectre.273 137500000.5 83 10 20 9 6 1
temp_spectre.274 138000000.5 62 9 5 7 11 0
temp_spectre.275 138500000.5 69 11 11 3 9 1
temp_spectre.276 139000000.5 81 12 18 6 7 1
temp_spectre.277 139500000.5 80 11 17 9 6 0
temp_spectre.278 140000000.5 93 17 25 12 4 0
temp_spectre.279 140500000.5 102 23 16 10 7 5
temp_spectre.280 141000000.5 67 16 4 5 5 7
temp_spectre.281 141500000.5 49 15 7 8 3 4
temp_spectre.282 142000000.5 78 14 8 9 11 3
temp_spectre.283 142500000.5 88 6 9 9 15 1
temp_spectre.284 143000000.5 72 8 12 10 9 3
temp_spectre.285 143500000.5 79 11 15 10 8 5
temp_spectre.286 144000000.5 108 12 15 13 7 18
temp_spectre.287 144500000.5 110 18 10 14 11 20
temp_spectre.288 145000000.5 94 15 12 10 15 6
temp_spectre.289 145500000.5 79 10 15 4 8 2
temp_spectre.290 146000000.5 71 8 11 10 2 2
temp_spectre.291 146500000.5 87 11 12 8 4 2
temp_spectre.292 147000000.5 95 17 10 8 6 1
temp_spectre.293 147500000.5 76 15 9 11 4 1
temp_spectre.294 148000000.5 69 20 7 6 3 1
temp_spectre.295 148500000.5 87 23 11 8 4 1
temp_spectre.296 149000000.5 83 16 12 5 3 8
temp_spectre.297 149500000.5 65 13 6 4 1 9
temp_spectre.298 150000000.5 37 8 4 4 0 3
temp_spectre.299 150500000.5 7 2 0 0 0 2
