"Windows" "TajimasD" "Thetapi" "ThetaS" "S" "Thetapi_persite" "ThetaS_persite"
"1" 500000.5 0.745446301136866 11.1969696969697 9.60303902712905 29 0.266594516594517 0.228643786360216
"2" 1000000.5 1.02083342989564 15.4090909090909 12.583292518307 38 0.275162337662338 0.224701652112626
"3" 1500000.5 0.870888938161335 23.2272727272727 19.5372173310557 59 0.290340909090909 0.244215216638196
"4" 2000000.5 0.539437129827632 22.5606060606061 20.1994958846508 61 0.292994883903975 0.262331115385075
"5" 2500000.5 -0.0377020251532195 21.3484848484848 21.524052991841 65 0.270233985423859 0.272456366985329
"6" 3000000.5 -0.455808937356847 20 22.1863315454361 67 0.232558139534884 0.257980599365536
"7" 3500000.5 -0.463452433564768 18.469696969697 20.5306351614483 62 0.225240206947524 0.250373599529858
"8" 4000000.5 -0.0871873355052519 16.2424242424242 16.5569638398777 50 0.253787878787879 0.258702559998089
"9" 4500000.5 0.0848549034563106 12.8181818181818 12.583292518307 38 0.228896103896104 0.224701652112626
"10" 5000000.5 -0.0357813234961384 17.7424242424242 17.8815209470679 54 0.249893299189074 0.251852407705182
"11" 5500000.5 0.538702826133821 17.3939393939394 15.563546009485 47 0.255793226381462 0.228875676610074
"12" 6000000.5 0.111393070016444 11.1969696969697 10.9275961343193 33 0.164661319073084 0.160699943151754
"13" 6500000.5 -1.0480062738499 9.16666666666667 11.9210139647119 36 0.138888888888889 0.180621423707756
"14" 7000000.5 -0.159091943953784 16.3030303030303 16.8881031166752 51 0.21451355661882 0.222211883114148
"15" 7500000.5 0.367901757324294 22.1666666666667 20.5306351614483 62 0.249063670411985 0.230681293948858
"16" 8000000.5 0.339725019150579 23.1060606060606 21.524052991841 65 0.251152832674572 0.233957097737402
"17" 8500000.5 0.279814878954703 21.4242424242424 20.1994958846508 61 0.255050505050505 0.240470189102985
"18" 9000000.5 0.0242885048079405 11.9848484848485 11.9210139647119 36 0.196472925981123 0.1954264584379
"19" 9500000.5 -0.154384991793911 16 16.5569638398777 50 0.219178082191781 0.226807723833941
"20" 10000000.5 0.145220173047644 25.9545454545455 25.1665850366141 76 0.256975697569757 0.249174109273407
"21" 10500000.5 -0.297868664414831 20.7575757575758 22.1863315454361 67 0.197691197691198 0.21129839567082
"22" 11000000.5 -0.516360023722279 17.9393939393939 20.1994958846508 61 0.190844616376531 0.214888254092029
"23" 11500000.5 -0.525026202034815 24.3787878787879 27.4845599741969 83 0.225729517396184 0.254486666427749
"24" 12000000.5 -0.235929963835149 28.6060606060606 30.1336741885774 91 0.248748353096179 0.26203194946589
"25" 12500000.5 0.223601824829796 17.3636363636364 16.5569638398777 50 0.259158751696065 0.247118863281756
"26" 13000000.5 -0.337061725778282 16.8787878787879 18.2126602238654 55 0.255739210284665 0.275949397331295
"27" 13500000.5 0.230773790009968 29.1969696969697 27.8156992509945 84 0.270342312008979 0.257552770842542
"28" 14000000.5 0.587438340002341 23.5151515151515 20.8617744382459 63 0.237526782981328 0.210724994325716
"29" 14500000.5 -0.597033600272902 15.5606060606061 17.8815209470679 54 0.180937279774489 0.207924662175208
"30" 15000000.5 -0.679989124103863 14.9545454545455 17.5503816702703 53 0.175935828877005 0.206475078473769
"31" 15500000.5 -0.244132472237002 17.5606060606061 18.543799500663 56 0.211573566995254 0.223419271092325
"32" 16000000.5 -0.377894823256717 18.5454545454545 20.1994958846508 61 0.231818181818182 0.252493698558135
"33" 16500000.5 -0.473481605215828 12.1666666666667 13.5767103486997 41 0.199453551912568 0.222569022109831
"34" 17000000.5 -0.204506046238667 19.6212121212121 20.5306351614483 62 0.248369773686229 0.259881457739852
"35" 17500000.5 0.0819250152676033 22.2424242424242 21.8551922686385 66 0.244422244422244 0.240166948007017
"36" 18000000.5 0.170790695039754 18.5454545454545 17.8815209470679 54 0.208375893769152 0.200915965697392
"37" 18500000.5 0.148858842243698 19.4848484848485 18.8749387774605 57 0.243560606060606 0.235936734718257
"38" 19000000.5 -0.147622544088993 18.5909090909091 19.2060780542581 58 0.213688610240334 0.220759517865036
"39" 19500000.5 -0.647293717653195 24.2272727272727 28.146838527792 85 0.207070707070707 0.240571269468308
"40" 20000000.5 -0.392294639975726 26.3787878787879 28.8091170813872 87 0.251226551226551 0.274372543632259
"41" 20500000.5 -0.0757297950295365 31.9242424242424 32.4516491261602 98 0.255393939393939 0.259613193009282
"42" 21000000.5 0.0328568447318009 37.0151515151515 36.7564597245284 111 0.257049663299663 0.255253192531448
"43" 21500000.5 0.400312038158918 33.8030303030303 31.12709201897 94 0.274821384577482 0.253065788772114
"44" 22000000.5 0.350865810789681 22.0909090909091 20.5306351614483 62 0.262987012987013 0.244412323350575
"45" 22500000.5 -0.142777211130599 13.1515151515152 13.5767103486997 41 0.239118457300276 0.246849279067267
"46" 23000000.5 -0.626618361523802 18.6060606060606 21.524052991841 65 0.211432506887052 0.24459151127092
"47" 23500000.5 -0.289057965929009 23.9090909090909 25.4977243134116 77 0.232127096204766 0.247550721489433
"48" 24000000.5 0.0680690983151235 20.8333333333333 20.5306351614483 62 0.251004016064257 0.247357050137932
"49" 24500000.5 0.380989975428929 21.1515151515152 19.5372173310557 59 0.282020202020202 0.260496231080742
"50" 25000000.5 -0.260075626596122 20 21.1929137150434 64 0.273972602739726 0.290313886507444
"51" 25500000.5 -0.839202441340676 12.7121212121212 15.563546009485 47 0.208395429706905 0.255140098516148
"52" 26000000.5 -0.171499544885481 36.3636363636364 37.7498775549211 114 0.24405125076266 0.253354882918934
"53" 26500000.5 -0.238942800980846 33.3030303030303 35.1007633405407 106 0.222020202020202 0.234005088936938
"54" 27000000.5 0.0362064583153612 11.0151515151515 10.9275961343193 33 0.177663734115347 0.176251550553537
"55" 27500000.5 0.707086998993239 18.7272727272727 16.2258245630801 49 0.283746556473829 0.245845826713335
"56" 28000000.5 -0.0931723813124705 16.5454545454545 16.8881031166752 51 0.24331550802139 0.248354457598165
"57" 28500000.5 -1.13186069078043 11.969696969697 15.8946852862826 48 0.170995670995671 0.22706693266118
"58" 29000000.5 -0.663174237110216 16.7272727272727 19.5372173310557 59 0.199134199134199 0.232585920607805
"59" 29500000.5 -0.67382921633546 17.8181818181818 20.8617744382459 63 0.191593352883675 0.224320155249956
"60" 30000000.5 -0.591129528788787 9.78787878787879 11.2587354111168 34 0.157869012707722 0.181592506630916
"61" 30500000.5 -0.0699036595544386 10.1060606060606 10.2653175807242 31 0.187149270482604 0.190098473717114
"62" 31000000.5 0.150899221063827 19.1515151515152 18.543799500663 56 0.239393939393939 0.231797493758287
"63" 31500000.5 0.563789959791133 18.5909090909091 16.5569638398777 50 0.251228501228501 0.223742754592942
"64" 32000000.5 -0.243399481053793 16.6212121212121 17.5503816702703 53 0.161370991468079 0.170392055051168
"65" 32500000.5 -1.04393047353569 18.469696969697 23.8420279294239 72 0.156522855675398 0.20205108414766
"66" 33000000.5 -1.02423962389001 11.0454545454545 14.2389889022948 43 0.187211093990755 0.241338794954149
"67" 33500000.5 0.115230909728418 11.5454545454545 11.2587354111168 34 0.235621521335807 0.229770110430956
"68" 34000000.5 0.166322683978514 14.7575757575758 14.2389889022948 43 0.295151515151515 0.284779778045896
"69" 34500000.5 0.200253519033342 17.969696969697 17.2192423934728 52 0.285233285233285 0.273321307832901
"70" 35000000.5 0.071626525290813 17.1515151515152 16.8881031166752 51 0.241570635936833 0.237860607277116
"71" 35500000.5 -0.769209785639228 13.2272727272727 15.8946852862826 48 0.178746928746929 0.214793044409224
"72" 36000000.5 -0.904062585025853 16.2424242424242 20.1994958846508 61 0.176548089591568 0.219559737876639
"73" 36500000.5 -0.815298374574977 14.7121212121212 17.8815209470679 54 0.169104841518635 0.205534723529516
"74" 37000000.5 -0.750210242823807 11.6212121212121 13.9078496254972 42 0.17345092718227 0.207579845156675
"75" 37500000.5 -0.222610658825452 11.6515151515152 12.2521532415095 37 0.228461081402258 0.240238298853127
"76" 38000000.5 0.238114545212459 13.2424242424242 12.583292518307 38 0.245230078563412 0.233023935524204
"77" 38500000.5 -0.0980429008240099 14.2575757575758 14.5701281790924 44 0.226310726310726 0.231271875858609
"78" 39000000.5 -0.300497768309708 12.6818181818182 13.5767103486997 41 0.230578512396694 0.246849279067267
"79" 39500000.5 0.563291534964886 8.95454545454546 7.94734264314128 24 0.298484848484849 0.264911421438043
"80" 40000000.5 2.03841810765655 86.9090909090909 60.5984876539523 183 0.400502723083368 0.279255703474435
"81" 40500000.5 1.3758987871867 98.0151515151515 75.8308943866398 229 0.342710319983047 0.265142987365873
"82" 41000000.5 -0.864502544408083 21.2878787878788 26.1600028670067 79 0.183516196447231 0.225517266094886
"83" 41500000.5 -0.357329289043633 21.6969696969697 23.5108886526263 71 0.226010101010101 0.244905090131524
"84" 42000000.5 -0.680539993429485 25.7272727272727 30.1336741885774 91 0.229707792207792 0.269050662398012
"85" 42500000.5 -1.17501981969781 14.0606060606061 18.8749387774605 57 0.19000819000819 0.255066740235953
"86" 43000000.5 -0.244087848561069 14.1060606060606 14.9012674558899 45 0.231246895181321 0.244283073047376
"87" 43500000.5 -0.223048783920545 15.1212121212121 15.8946852862826 48 0.212974818608621 0.22386880684905
"88" 44000000.5 -0.365824906158299 10.3484848484848 11.2587354111168 34 0.175398048279404 0.190826023917234
"89" 44500000.5 0.270682275083689 10.1818181818182 9.60303902712905 29 0.203636363636364 0.192060780542581
"90" 45000000.5 0.738360270897267 11.1818181818182 9.60303902712905 29 0.215034965034965 0.184673827444789
"91" 45500000.5 0.606866408909878 15.7575757575758 13.9078496254972 42 0.254154447702835 0.224320155249956
"92" 46000000.5 0.841931169785167 18.4242424242424 15.563546009485 47 0.292448292448292 0.247040412848969
"93" 46500000.5 0.686402036850314 16 13.9078496254972 42 0.266666666666667 0.231797493758287
"94" 47000000.5 0.44583041512525 17.8030303030303 16.2258245630801 49 0.258014931927975 0.235156877725799
"95" 47500000.5 0.239953397937027 25.7727272727273 24.504306483019 74 0.283216783216783 0.269278093219989
"96" 48000000.5 -0.0206523084367345 21.7575757575758 21.8551922686385 66 0.271969696969697 0.273189903357982
"97" 48500000.5 -0.0664608124955467 13.3787878787879 13.5767103486997 41 0.25242995997713 0.256164346201881
"98" 49000000.5 -0.0437327093314859 16.7272727272727 16.8881031166752 51 0.238961038961039 0.241258615952503
"99" 49500000.5 -0.1045656323012 14.5606060606061 14.9012674558899 45 0.238698460009935 0.244283073047376
"100" 50000000.5 0.256807126925696 9.8030303030303 9.2718997503315 28 0.28008658008658 0.264911421438043
"101" 50500000.5 0.109141595603271 11.530303030303 11.2587354111168 34 0.245325596389426 0.239547561938656
"102" 51000000.5 0.310033420770713 14.5 13.5767103486997 41 0.254385964912281 0.238187900854381
"103" 51500000.5 0.900343779335454 15.469696969697 12.9144317951046 39 0.315708101422387 0.263559832553155
"104" 52000000.5 0.429077485706755 9.07575757575758 8.27848191993884 25 0.252104377104377 0.229957831109412
"105" 52500000.5 -0.549171222489783 14.5757575757576 16.5569638398777 50 0.217548620533695 0.247118863281756
"106" 53000000.5 -0.5328702283787 19.9242424242424 22.5174708222336 68 0.242978566149298 0.274603302710166
"107" 53500000.5 -0.240626838276044 13.8030303030303 14.5701281790924 44 0.212354312354312 0.224155818139882
"108" 54000000.5 -0.358503345909689 11.5909090909091 12.583292518307 38 0.163252240717029 0.177229472088831
"109" 54500000.5 -0.799069278210352 12.8484848484848 15.563546009485 47 0.171313131313131 0.207513946793134
"110" 55000000.5 -0.289685778911727 19.2424242424242 20.5306351614483 62 0.249901613537977 0.266631625473355
"111" 55500000.5 0.283820667446185 18.9848484848485 17.8815209470679 54 0.267392232180965 0.251852407705182
"112" 56000000.5 -0.409165293870062 18.1060606060606 19.8683566078532 60 0.208115639150122 0.228371915032796
"113" 56500000.5 -0.715805575011314 20.4393939393939 24.1731672062214 73 0.219778429455849 0.259926529099155
"114" 57000000.5 -0.527500003035756 15.2424242424242 17.2192423934728 52 0.211700336700337 0.239156144353789
"115" 57500000.5 -1.06632137057419 12.1969696969697 15.8946852862826 48 0.179367201426025 0.233745371857097
"116" 58000000.5 -1.11765201375486 9.74242424242424 12.9144317951046 39 0.170919723551302 0.226568978861484
"117" 58500000.5 -0.137120816095169 14.4545454545455 14.9012674558899 45 0.233137829912023 0.240343023482095
"118" 59000000.5 -0.293041158074248 17.3636363636364 18.543799500663 56 0.234643734643735 0.250591885144095
"119" 59500000.5 -0.113867113385191 14.530303030303 14.9012674558899 45 0.223543123543124 0.229250268552152
"120" 60000000.5 0.249481212317959 9.78787878787879 9.2718997503315 28 0.227625088090204 0.215625575589105
"121" 60500000.5 -0.480794574035748 5.3030303030303 5.96050698235596 18 0.129342202512934 0.145378219081853
"122" 61000000.5 0.0951680266840555 11.8333333333333 11.5898746879144 35 0.164351851851852 0.160970481776589
"123" 61500000.5 -0.19732074053757 14.5757575757576 15.2324067326875 46 0.199667911996679 0.208663105927226
"124" 62000000.5 -0.850655984568891 14.3030303030303 17.5503816702703 53 0.238383838383838 0.292506361171172
"125" 62500000.5 -0.53574317394839 11.3939393939394 12.9144317951046 39 0.258953168044077 0.293509813525104
"126" 63000000.5 -0.0969873719495681 13.2878787878788 13.5767103486997 41 0.233120680489102 0.238187900854381
"127" 63500000.5 -0.426528750960098 12.9090909090909 14.2389889022948 43 0.204906204906205 0.226015696861822
"128" 64000000.5 -0.708752922200091 5.27272727272727 6.29164625915352 19 0.195286195286195 0.233023935524204
"129" 64500000.5 -0.390793344995093 10.8939393939394 11.9210139647119 36 0.265705838876571 0.290756438163706
"130" 65000000.5 -0.5674524527078 12.469696969697 14.2389889022948 43 0.254483611626469 0.290591610250914
"131" 65500000.5 -1.03192250852407 6.87878787878788 8.94076047353395 27 0.196536796536797 0.255450299243827
"132" 66000000.5 -0.945661885759754 5.1969696969697 6.62278553595107 20 0.162405303030303 0.206962047998471
"133" 66500000.5 -0.768558478888824 2.96969696969697 3.64253204477309 11 0.123737373737374 0.151772168532212
"134" 67000000.5 -0.710202959651856 5.83333333333333 6.95392481274862 21 0.112179487179487 0.133729323322089
"135" 67500000.5 -0.222866292806945 9.75757575757576 10.2653175807242 31 0.168234064785789 0.176988234150417
"136" 68000000.5 0.369478033593181 7.89393939393939 7.28506408954618 22 0.263131313131313 0.242835469651539
"137" 68500000.5 -0.102520486788247 4.84848484848485 4.9670891519633 15 0.210803689064559 0.215960397911448
"138" 69000000.5 -0.879876071271667 8.53030303030303 10.5964568575217 32 0.18956228956229 0.235476819056038
"139" 69500000.5 -0.696506750210631 13.1969696969697 15.563546009485 47 0.203030303030303 0.239439169376693
"140" 70000000.5 -0.230866966041017 15.4090909090909 16.2258245630801 49 0.223320158102767 0.235156877725799
"141" 70500000.5 -0.0315037300130608 14.469696969697 14.5701281790924 44 0.206709956709957 0.208144688272748
"142" 71000000.5 -0.245959931280101 12.530303030303 13.2455710719021 40 0.192773892773893 0.203778016490802
"143" 71500000.5 -0.234786367477078 14.1363636363636 14.9012674558899 45 0.217482517482517 0.229250268552152
"144" 72000000.5 -0.721756328445516 15.0757575757576 17.8815209470679 54 0.206517227065172 0.244952341740656
"145" 72500000.5 -1.16030388764641 10.6212121212121 14.2389889022948 43 0.174118231495281 0.233426047578603
"146" 73000000.5 -0.0604332775587594 10.4545454545455 10.5964568575217 32 0.21780303030303 0.220759517865036
"147" 73500000.5 -0.342082670007245 11.6363636363636 12.583292518307 38 0.193939393939394 0.209721541971784
"148" 74000000.5 -0.973451143239783 6.46969696969697 8.27848191993884 25 0.147038567493113 0.188147316362246
"149" 74500000.5 -0.580656056884759 6.90909090909091 7.94734264314128 24 0.172727272727273 0.198683566078532
"150" 75000000.5 -0.78822449197456 12.3333333333333 14.9012674558899 45 0.164444444444444 0.198683566078532
"151" 75500000.5 -0.881239302814472 12.030303030303 14.9012674558899 45 0.162571662571663 0.201368479133647
"152" 76000000.5 -1.31786672718786 5.59090909090909 7.94734264314128 24 0.127066115702479 0.180621423707756
"153" 76500000.5 -1.36611315308321 3.15151515151515 4.63594987516575 14 0.112554112554113 0.165569638398777
"154" 77000000.5 -1.8497243851868 6.45454545454545 10.9275961343193 33 0.0993006993006993 0.168116863604912
"155" 77500000.5 -1.61742183176376 8.10606060606061 12.583292518307 38 0.111041926110419 0.172373870113795
"156" 78000000.5 -0.523598376616459 5.83333333333333 6.62278553595107 20 0.17156862745098 0.194787809880914
"157" 78500000.5 -0.137318126014875 5.77272727272727 5.96050698235596 18 0.180397727272727 0.186265843198624
"158" 79000000.5 0.398344095630759 3.27272727272727 2.98025349117798 9 0.204545454545455 0.186265843198624
"159" 80000000.5 -0.582784417188607 1.39393939393939 1.65569638398777 5 0.174242424242424 0.206962047998471
"160" 80500000.5 0.655740116809698 5.34848484848485 4.63594987516575 14 0.232542819499341 0.201563038050685
"161" 81000000.5 -0.0722349049515839 7.81818181818182 7.94734264314128 24 0.236914600550964 0.240828564943675
"162" 81500000.5 -0.645208025650019 7.65151515151515 8.94076047353395 27 0.218614718614719 0.255450299243827
"163" 82000000.5 -0.571742178292195 5.46969696969697 6.29164625915352 19 0.182323232323232 0.209721541971784
"164" 82500000.5 0.717102180178468 11.1363636363636 9.60303902712905 29 0.285547785547786 0.246231769926386
"165" 83000000.5 0.227010565992474 52.4242424242424 50.0020307964306 151 0.25824749962681 0.246315422642515
"166" 83500000.5 -0.00887297148139341 47.9242424242424 48.0151951356453 145 0.242041628405265 0.242500985533562
"167" 84000000.5 0.265326649619572 9.12121212121212 8.60962119673639 26 0.276400367309458 0.260897612022315
"168" 84500000.5 1.44520533292421 9.66666666666667 7.28506408954618 22 0.386666666666667 0.291402563581847
"169" 85000000.5 1.75734228080994 8.36363636363636 5.96050698235596 18 0.418181818181818 0.298025349117798
"170" 85500000.5 1.58966175236929 4.59090909090909 3.31139276797554 10 0.327922077922078 0.236528054855395
"171" 86000000.5 0.793310217926568 2.78787878787879 2.31797493758287 7 0.278787878787879 0.231797493758287
"172" 86500000.5 0.37507630654452 19.6969696969697 18.2126602238654 55 0.281385281385281 0.260180860340935
"173" 87000000.5 0.415113768667688 20.5757575757576 18.8749387774605 57 0.278050778050778 0.255066740235953
"174" 87500000.5 0.478554676309356 8.8030303030303 7.94734264314128 24 0.24452861952862 0.220759517865036
"175" 88000000.5 -0.1239729795562 11.2727272727273 11.5898746879144 35 0.197767145135566 0.203331134875691
"176" 88500000.5 0.225147357400601 15.2878787878788 14.5701281790924 44 0.268208399787347 0.255616283843726
"177" 89000000.5 0.628631313791742 36.4545454545455 32.1205098493627 97 0.350524475524476 0.308851056243872
"178" 89500000.5 0.448984259385843 26.5151515151515 24.1731672062214 73 0.335634829305715 0.3059894583066
"179" 90000000.5 -0.189234796528998 10.7878787878788 11.2587354111168 34 0.229529335912315 0.239547561938656
"180" 90500000.5 -0.557456309797722 16.5909090909091 18.8749387774605 57 0.197510822510822 0.224701652112626
"181" 91000000.5 -1.15721093400574 7.37878787878788 9.93417830392661 30 0.150587507730365 0.202738332733196
"182" 91500000.5 -0.31747132064645 14.4848484848485 15.563546009485 47 0.172438672438672 0.185280309636726
"183" 92000000.5 0.274257497213237 23.1515151515152 21.8551922686385 66 0.208572208572209 0.196893624041789
"184" 92500000.5 0.962311001198978 10.8636363636364 8.94076047353395 27 0.236166007905138 0.194364358120303
"185" 93000000.5 0.112518939687485 2.04545454545455 1.98683566078532 6 0.127840909090909 0.124177228799083
"186" 93500000.5 0.193093771530519 1.74242424242424 1.65569638398777 5 0.134032634032634 0.127361260306751
"187" 94000000.5 0.170685601476681 2.07575757575758 1.98683566078532 6 0.172979797979798 0.165569638398777
"188" 94500000.5 0.0143245967057416 4.65151515151515 4.63594987516575 14 0.258417508417508 0.257552770842542
"189" 95000000.5 0.355685142251571 8.22727272727273 7.61620336634373 23 0.24931129476584 0.230794041404355
"190" 95500000.5 0.434449650024667 5.46969696969697 4.9670891519633 15 0.188610240334378 0.171278936274597
"191" 96000000.5 -0.730394627534588 4.68181818181818 5.62936770555841 17 0.18006993006993 0.216514142521477
"192" 96500000.5 -0.654237081827478 5.63636363636364 6.62278553595107 20 0.225454545454545 0.264911421438043
"193" 97000000.5 -0.495538812952717 9.13636363636364 10.2653175807242 31 0.222838137472284 0.250373599529858
"194" 97500000.5 -0.35973559203315 10.3636363636364 11.2587354111168 34 0.220502901353965 0.239547561938656
"195" 98000000.5 -0.0202195835341056 3.95454545454545 3.97367132157064 12 0.158181818181818 0.158946852862826
"196" 98500000.5 0.833132631531386 5.15151515151515 4.3048105983682 13 0.198135198135198 0.165569638398777
"197" 99000000.5 0.41870363747534 25.6363636363636 23.5108886526263 71 0.261595547309833 0.239907027067615
"198" 99500000.5 0.30495608589689 21.1818181818182 19.8683566078532 60 0.258314855875832 0.242297031803088
"199" 100500000.5 -1.77786912754319 1.46969696969697 2.64911421438043 8 0.113053613053613 0.203778016490802
"200" 101000000.5 0.937895074025445 21.9242424242424 18.2126602238654 55 0.342566287878788 0.284572815997898
"201" 101500000.5 1.36300276507051 20.6212121212121 15.8946852862826 48 0.381874298540965 0.294346023820048
"202" 102000000.5 -0.279179908559384 1.53030303030303 1.65569638398777 5 0.191287878787879 0.206962047998471
"203" 102500000.5 -0.556397670888274 1.6969696969697 1.98683566078532 6 0.16969696969697 0.198683566078532
"204" 103000000.5 -0.414115245727928 1.46969696969697 1.65569638398777 5 0.183712121212121 0.206962047998471
"205" 103500000.5 -0.398813801355254 19.3636363636364 21.1929137150434 64 0.265255292652553 0.290313886507444
"206" 104000000.5 -0.37999760634468 20.3636363636364 22.1863315454361 67 0.254545454545455 0.277329144317951
"207" 104500000.5 0.0610176704205814 8.72727272727273 8.60962119673639 26 0.229665071770335 0.226568978861484
"208" 105000000.5 -0.0520224509667668 8.18181818181818 8.27848191993884 25 0.227272727272727 0.229957831109412
"209" 105500000.5 0.920672614243941 5.63636363636364 4.63594987516575 14 0.313131313131313 0.257552770842542
"210" 106000000.5 0.883994464041941 15.030303030303 12.583292518307 38 0.319793681495809 0.267729628049086
"211" 106500000.5 0.628404013989613 11.6969696969697 10.2653175807242 31 0.292424242424242 0.256632939518104
"212" 107000000.5 -0.12757523345541 8.36363636363636 8.60962119673639 26 0.238961038961039 0.245989177049611
"213" 107500000.5 -0.471073159221869 8.89393939393939 9.93417830392661 30 0.228049728049728 0.254722520613503
"214" 108000000.5 -1.42889759772622 1.24242424242424 1.98683566078532 6 0.177489177489178 0.283833665826474
"215" 108500000.5 -1.28123542125562 3.48484848484848 4.9670891519633 15 0.204991087344029 0.292181714821371
"216" 109000000.5 -0.851814004582453 6.42424242424242 7.94734264314128 24 0.188948306595365 0.233745371857097
"217" 109500000.5 0.304481860240802 3.90909090909091 3.64253204477309 11 0.195454545454545 0.182126602238654
"218" 110000000.5 -0.92432239908506 2.83333333333333 3.64253204477309 11 0.202380952380952 0.260180860340935
"219" 110500000.5 -0.730394627534588 4.68181818181818 5.62936770555841 17 0.222943722943723 0.268065128836115
"220" 111000000.5 0.317091555656147 24.0606060606061 22.5174708222336 68 0.273415977961433 0.255880350252655
"221" 111500000.5 0.262505673915165 42.3181818181818 40.067852492504 121 0.274793388429752 0.260180860340935
"222" 112000000.5 0.363589209725705 30.3484848484848 28.146838527792 85 0.281004489337823 0.260618875257334
"223" 112500000.5 -0.142777211130599 13.1515151515152 13.5767103486997 41 0.215598609041232 0.222569022109831
"224" 113000000.5 -0.767719638418088 9.34848484848485 11.2587354111168 34 0.169972451790634 0.204704280202124
"225" 113500000.5 -0.685224343806932 10.969696969697 12.9144317951046 39 0.199449035812672 0.234807850820083
"226" 114000000.5 -1.089377952993 8.8030303030303 11.5898746879144 35 0.19137022397892 0.251953797563356
"227" 114500000.5 -1.2670025284871 7.37878787878788 10.2653175807242 31 0.194178628389155 0.270139936334846
"228" 115000000.5 -0.120915934052172 12.8939393939394 13.2455710719021 40 0.257878787878788 0.264911421438043
"229" 115500000.5 0.150537607066088 13 12.583292518307 38 0.25 0.241986394582828
"230" 116000000.5 -0.59323427150302 10.6515151515152 12.2521532415095 37 0.221906565656566 0.255253192531448
"231" 116500000.5 -0.611496351378725 12.9090909090909 14.9012674558899 45 0.263450834879406 0.304107499099794
"232" 117000000.5 -0.808657918805786 10.8939393939394 13.2455710719021 40 0.205546026300743 0.249916435318908
"233" 117500000.5 -0.654212991949293 15.9090909090909 18.543799500663 56 0.164011246485473 0.191173190728484
"234" 118000000.5 -0.0011073886511302 33.1060606060606 33.1139276797553 100 0.222188326215172 0.222241125367486
"235" 118500000.5 0.176748768895583 29.5606060606061 28.4779778045896 86 0.268732782369146 0.258890707314451
"236" 119000000.5 -0.440606725421912 11.3636363636364 12.583292518307 38 0.214408233276158 0.237420613552963
"237" 119500000.5 -0.70288768668789 7.81818181818182 9.2718997503315 28 0.159554730983302 0.189222443884316
"238" 120000000.5 -0.357503079867905 12.8181818181818 13.9078496254972 42 0.228896103896104 0.248354457598165
"239" 120500000.5 -0.328181234265952 17.530303030303 18.8749387774605 57 0.2504329004329 0.269641982535151
"240" 121000000.5 -0.678669788819376 13.2575757575758 15.563546009485 47 0.192138779095301 0.225558637818623
"241" 121500000.5 -0.740268289331252 11.6515151515152 13.9078496254972 42 0.179254079254079 0.213966917315342
"242" 122000000.5 -0.133579069330409 14.7878787878788 15.2324067326875 46 0.224058769513315 0.230794041404355
"243" 122500000.5 -0.430738754878757 13.1969696969697 14.5701281790924 44 0.216343765524093 0.238854560312989
"244" 123000000.5 -0.722252992388577 16.7575757575758 19.8683566078532 60 0.188287368062649 0.223239961885991
"245" 123500000.5 -0.249716981949635 27.5757575757576 29.1402563581847 88 0.210501966227157 0.222444705024311
"246" 124000000.5 -0.200837916902663 24.3939393939394 25.4977243134116 77 0.236834363047955 0.247550721489433
"247" 124500000.5 0.400465448940891 26.6212121212121 24.504306483019 74 0.309548978153629 0.284933796314174
"248" 125000000.5 0.921046713131961 34.5151515151515 28.8091170813872 87 0.319584736251403 0.266751084086918
"249" 125500000.5 0.693742397718208 19.4393939393939 16.8881031166752 51 0.237065779748707 0.205952477032625
"250" 126000000.5 -1.41142372460198 10.3030303030303 14.9012674558899 45 0.145113102859582 0.209877006420985
"251" 126500000.5 -1.38647054649398 12.2575757575758 17.5503816702703 53 0.170244107744108 0.243755300975977
"252" 127000000.5 -0.451553842690208 11.3333333333333 12.583292518307 38 0.188888888888889 0.209721541971784
"253" 127500000.5 -0.782607086049967 10.969696969697 13.2455710719021 40 0.156709956709957 0.189222443884316
"254" 128000000.5 -1.12647807842677 9.96969696969697 13.2455710719021 40 0.151056014692378 0.200690470786396
"255" 128500000.5 -1.17974163961161 10.5606060606061 14.2389889022948 43 0.173124689518132 0.233426047578603
"256" 129000000.5 -1.01533038200747 9.77272727272727 12.583292518307 38 0.177685950413223 0.228787136696492
"257" 129500000.5 0.0295199111812882 8.33333333333333 8.27848191993884 25 0.213675213675214 0.212268767177919
"258" 130000000.5 0.108009428082913 14.5757575757576 14.2389889022948 43 0.269921436588103 0.263684979672126
"259" 130500000.5 -0.17947222823092 15.5909090909091 16.2258245630801 49 0.243607954545455 0.253528508798127
"260" 131000000.5 -0.0157898256985515 16.5 16.5569638398777 50 0.232394366197183 0.233196673801094
"261" 131500000.5 0.123524827131606 20.0606060606061 19.5372173310557 59 0.253931722286153 0.247306548494375
"262" 132000000.5 -0.0941970349589654 23.6818181818182 24.1731672062214 73 0.257411067193676 0.262751817458928
"263" 132500000.5 0.0236542580934136 20.3030303030303 20.1994958846508 61 0.270707070707071 0.269326611795344
"264" 133000000.5 0.791420346380456 11.6818181818182 9.93417830392661 30 0.25959595959596 0.220759517865036
"265" 133500000.5 1.15187692417645 11.2424242424242 8.94076047353395 27 0.29585326953748 0.235283170356156
"266" 134000000.5 0.166385896587701 17.5 16.8881031166752 51 0.265151515151515 0.255880350252655
"267" 134500000.5 -0.383032730305283 23.6969696969697 25.8288635902092 78 0.219416386083053 0.239156144353789
"268" 135000000.5 -0.306956096724767 21.3333333333333 22.8486100990312 69 0.213333333333333 0.228486100990312
"269" 135500000.5 0.248415880830964 35.9242424242424 34.107345510148 103 0.227368622938243 0.215869275380684
"270" 136000000.5 0.518755736808213 37.1666666666667 33.4450669565529 101 0.251126126126126 0.225980182138871
"271" 136500000.5 0.497225152935346 17.9848484848485 16.2258245630801 49 0.268430574400724 0.242176486016121
"272" 137000000.5 -0.669007632326969 14.7121212121212 17.2192423934728 52 0.219583898688376 0.257003617813027
"273" 137500000.5 -0.420261073894602 21.0757575757576 23.1797493758287 70 0.245066948555321 0.269531969486381
"274" 138000000.5 -0.191461579796892 17.7727272727273 18.543799500663 56 0.250320102432779 0.261180274657225
"275" 138500000.5 -0.417895427468505 12.030303030303 13.2455710719021 40 0.235888294711824 0.259717079841218
"276" 139000000.5 -0.0636041019893706 13.0606060606061 13.2455710719021 40 0.241863075196409 0.245288353183373
"277" 139500000.5 0.587574944123302 12.3484848484848 10.9275961343193 33 0.287174066243834 0.254130142658588
"278" 140000000.5 0.841221590688752 12.1818181818182 10.2653175807242 31 0.312354312354312 0.26321327130062
"279" 140500000.5 0.388673589864968 10.0757575757576 9.2718997503315 28 0.258352758352758 0.237741019239269
"280" 141000000.5 0.650698469798852 23.4242424242424 20.5306351614483 62 0.304210940574577 0.266631625473355
"281" 141500000.5 0.30826818254764 25.0757575757576 23.5108886526263 71 0.272562582345191 0.255553137528547
"282" 142000000.5 -0.740925753640657 11.0909090909091 13.2455710719021 40 0.178885630498534 0.213638243095196
"283" 142500000.5 -0.154370350589165 20.4848484848485 21.1929137150434 64 0.170707070707071 0.176607614292029
"284" 143000000.5 -0.614576658237667 23.2727272727273 26.8222814206018 81 0.174982911825017 0.201671288876706
"285" 143500000.5 -0.538768963280676 19.0151515151515 21.524052991841 65 0.253535353535354 0.286987373224546
"286" 144000000.5 0.516583573119679 18.7878787878788 16.8881031166752 51 0.313131313131313 0.28146838527792
"287" 144500000.5 0.546083435898038 11.8787878787879 10.5964568575217 32 0.252740167633785 0.225456528883441
"288" 145000000.5 0.422622650776678 18.8030303030303 17.2192423934728 52 0.261153198653199 0.239156144353789
"289" 145500000.5 0.0442187731666669 20.7272727272727 20.5306351614483 62 0.265734265734266 0.26321327130062
"290" 146000000.5 -0.703670465432986 13.4545454545455 15.8946852862826 48 0.200814111261872 0.237234108750486
"291" 146500000.5 -0.783573751432564 12.3484848484848 14.9012674558899 45 0.192945075757576 0.23283230399828
"292" 147000000.5 -0.463224739591642 8.01515151515152 8.94076047353395 27 0.178114478114478 0.198683566078532
"293" 147500000.5 -0.367919600201273 14.9242424242424 16.2258245630801 49 0.216293368467282 0.235156877725799
"294" 148000000.5 -0.557777533405362 19.8030303030303 22.5174708222336 68 0.222505958461015 0.253005290137457
"295" 148500000.5 -0.96960337311239 11.7424242424242 14.9012674558899 45 0.167748917748918 0.212875249369856
"296" 149000000.5 -0.819078251908113 10.8636363636364 13.2455710719021 40 0.178092399403875 0.217140509375445
"297" 149500000.5 -0.552452908691755 13.3939393939394 15.2324067326875 46 0.202938475665748 0.230794041404355
"298" 150000000.5 -0.480924085843151 10.9545454545455 12.2521532415095 37 0.188871473354232 0.211244021405336
"299" 150500000.5 -0.295245994523021 13.9393939393939 14.9012674558899 45 0.211202938475666 0.225776779634696
"300" 151000000.5 0.279314835344312 21.7727272727273 20.5306351614483 62 0.279137529137529 0.26321327130062
"301" 151500000.5 0.258540883813013 22.3787878787879 21.1929137150434 64 0.294457735247209 0.278854127829519
"302" 152000000.5 -0.294996438868801 16.4242424242424 17.5503816702703 53 0.224989622249896 0.240416187263977
"303" 152500000.5 -0.487901213121865 15.9848484848485 17.8815209470679 54 0.190295815295815 0.212875249369856
"304" 153000000.5 -0.747115930970089 19.4393939393939 23.1797493758287 70 0.192469246924692 0.229502469067611
"305" 153500000.5 -0.654167560440813 14.1969696969697 16.5569638398777 50 0.197180134680135 0.229957831109412
"306" 154000000.5 0.355805231993625 13.9242424242424 12.9144317951046 39 0.253168044077135 0.234807850820083
"307" 154500000.5 0.208769326942622 12.469696969697 11.9210139647119 36 0.22267316017316 0.212875249369856
"308" 155000000.5 -0.51142179282801 14.1212121212121 15.8946852862826 48 0.188282828282828 0.211929137150434
"309" 155500000.5 -0.357885968132798 20.469696969697 22.1863315454361 67 0.211027803811309 0.228725067478723
"310" 156000000.5 -0.491381694211192 13.8939393939394 15.563546009485 47 0.195689287238583 0.219204873373028
"311" 156500000.5 -1.02320250728 12.6060606060606 16.2258245630801 49 0.15188024826579 0.195491862205785
"312" 157000000.5 -0.391463549591012 24.2575757575758 26.4911421438043 80 0.197216063069722 0.215375139380523
"313" 157500000.5 0.0461032864003555 32.7727272727273 32.4516491261602 98 0.254052149400987 0.251563171520622
"314" 158000000.5 -0.0161936446558369 28.3787878787879 28.4779778045896 86 0.262766554433221 0.263684979672126
"315" 158500000.5 0.183913534750485 21.3484848484848 20.5306351614483 62 0.260347376201035 0.250373599529858
"316" 159000000.5 0.0802664759592745 18.530303030303 18.2126602238654 55 0.231628787878788 0.227658252798318
"317" 159500000.5 0.121966208587663 24.469696969697 23.8420279294239 72 0.242274227422742 0.236059682469543
"318" 160000000.5 0.227013273760815 27.4393939393939 26.1600028670067 79 0.258862206975415 0.246792479877422
"319" 160500000.5 0.108955369998192 21.0151515151515 20.5306351614483 62 0.210151515151515 0.205306351614483
"320" 161000000.5 0.11019500838439 20.6818181818182 20.1994958846508 61 0.184659090909091 0.180352641827239
"321" 161500000.5 0.316793917720457 21.9393939393939 20.5306351614483 62 0.22387136672851 0.209496277157636
"322" 162000000.5 0.930443251709314 19.1212121212121 15.8946852862826 48 0.289715335169881 0.240828564943675
"323" 162500000.5 0.46760783943912 15.6969696969697 14.2389889022948 43 0.227492314448836 0.206362158004272
"324" 163000000.5 0.186801992579213 22.3939393939394 21.524052991841 65 0.246087246087246 0.236528054855395
"325" 163500000.5 -0.0837571453271824 24.7121212121212 25.1665850366141 76 0.242275698158051 0.246731225849158
"326" 164000000.5 -0.531015525380384 20.2272727272727 22.8486100990312 69 0.206400742115028 0.233149082643175
"327" 164500000.5 0.0355161594961303 30.3636363636364 30.1336741885774 91 0.257318952234206 0.255370120242181
"328" 165000000.5 0.175936642585731 26.1212121212121 25.1665850366141 76 0.27209595959596 0.26215192746473
"329" 165500000.5 0.172504348593892 20.9545454545455 20.1994958846508 61 0.275717703349282 0.26578284058751
"330" 166000000.5 0.223769864635777 32.969696969697 31.4582312957676 95 0.25960391314722 0.247702608628091
"331" 166500000.5 0.270490288687557 30.4848484848485 28.8091170813872 87 0.251940896568996 0.238091876705679
"332" 167000000.5 0.387159977123429 26.9090909090909 24.8354457598165 75 0.256277056277056 0.236528054855395
"333" 167500000.5 0.242449899567774 24.0454545454545 22.8486100990312 69 0.245361781076067 0.233149082643175
"334" 168000000.5 0.167442251987229 16.8181818181818 16.2258245630801 49 0.20021645021645 0.193164578131906
"335" 168500000.5 0.533894856766867 15.1666666666667 13.5767103486997 41 0.199561403508772 0.178640925640785
"336" 169000000.5 0.189898674193952 26.1969696969697 25.1665850366141 76 0.247141223556318 0.237420613552963
"337" 169500000.5 -0.171396724658781 26.1515151515152 27.1534206973994 82 0.24440668365902 0.253770286891583
"338" 170000000.5 -0.315973982612819 9.54545454545454 10.2653175807242 31 0.238636363636364 0.256632939518104
"339" 170500000.5 -0.37943980112946 13.969696969697 15.2324067326875 46 0.211662075298439 0.230794041404355
"340" 171000000.5 -0.00736365012696545 25.7878787878788 25.8288635902092 78 0.247960372960373 0.248354457598165
"341" 171500000.5 0.572069571685938 15.6515151515152 13.9078496254972 42 0.306892453951278 0.272702933833279
"342" 172000000.5 1.02908119728395 1.71212121212121 1.32455710719021 4 0.285353535353535 0.220759517865036
