per_plot V2 V3 V4 V5 V6 V7 V8 V9 V10 V11 V12 V13 V14 V15 V16 V17 V18 V19 V20 V21 V22 V23
temp_spectre 500000.5 42 9 2 4 4 4 0 0 0 6 4 0 0 0 3 0 0 0 2 1 0 3
temp_spectre.1 1000000.5 56 9 5 4 8 2 0 1 1 3 4 1 0 6 7 1 0 0 2 1 0 1
temp_spectre.2 1500000.5 80 14 6 3 8 2 2 13 5 1 3 2 0 12 5 2 0 0 1 0 0 1
temp_spectre.3 2000000.5 77 10 5 5 5 4 4 14 7 2 2 1 1 9 1 2 0 0 2 0 2 0
temp_spectre.4 2500000.5 79 10 5 5 7 4 7 4 8 2 3 4 1 4 1 4 2 2 2 0 2 0
temp_spectre.5 3000000.5 86 11 5 3 12 6 11 5 6 1 7 5 1 1 1 3 2 2 1 0 0 0
temp_spectre.6 3500000.5 82 8 5 9 10 10 10 7 1 1 5 2 1 2 2 0 0 2 1 2 2 0
temp_spectre.7 4000000.5 64 9 3 10 3 7 4 6 0 3 2 2 0 2 3 2 1 2 1 2 2 0
temp_spectre.8 4500000.5 56 7 5 6 1 5 1 5 2 3 4 1 0 1 1 4 4 0 1 0 1 1
temp_spectre.9 5000000.5 71 9 6 5 1 5 2 5 3 4 4 4 0 1 1 5 3 2 1 1 2 3
temp_spectre.10 5500000.5 68 11 9 4 0 3 2 3 2 4 3 5 1 0 3 3 3 4 0 1 2 3
temp_spectre.11 6000000.5 68 15 13 8 1 3 1 4 3 2 2 1 2 0 2 1 4 2 1 0 1 1
temp_spectre.12 6500000.5 66 13 10 5 3 3 1 3 2 2 4 0 1 0 1 4 1 4 3 2 2 0
temp_spectre.13 7000000.5 76 10 7 0 8 4 6 1 0 4 4 3 2 3 1 4 2 5 3 4 3 0
temp_spectre.14 7500000.5 89 8 10 3 6 3 6 5 2 6 2 5 4 3 5 4 2 6 1 2 5 0
temp_spectre.15 8000000.5 92 7 9 7 2 4 2 7 3 6 6 4 2 3 6 3 0 8 0 6 6 0
temp_spectre.16 8500000.5 84 10 8 6 3 10 2 6 1 3 7 3 3 5 1 0 0 4 0 8 3 1
temp_spectre.17 9000000.5 61 15 6 4 5 6 1 4 0 1 2 2 3 2 0 0 1 3 0 3 1 1
temp_spectre.18 9500000.5 73 25 7 3 4 3 4 1 1 4 0 2 1 0 2 4 2 3 2 2 2 0
temp_spectre.19 10000000.5 101 31 8 3 3 5 7 3 1 4 3 2 3 2 3 4 5 3 4 2 5 0
temp_spectre.20 10500000.5 105 37 7 3 6 5 7 4 0 2 4 2 4 7 1 2 5 2 2 1 4 0
temp_spectre.21 11000000.5 94 25 10 5 6 12 5 2 2 2 2 3 3 7 1 3 1 2 0 0 1 0
temp_spectre.22 11500000.5 108 9 9 11 9 19 14 6 4 1 1 6 1 4 2 1 1 2 3 0 2 1
temp_spectre.23 12000000.5 115 13 8 17 8 12 14 6 2 3 5 4 0 3 2 4 1 1 5 1 2 4
temp_spectre.24 12500000.5 67 14 5 11 6 3 1 1 1 3 5 1 0 1 1 4 0 2 2 1 0 5
temp_spectre.25 13000000.5 66 16 5 1 7 4 1 6 3 0 2 4 4 1 0 1 0 6 1 0 2 2
temp_spectre.26 13500000.5 108 23 13 3 5 3 2 8 3 0 2 3 8 5 5 1 2 8 2 6 3 3
temp_spectre.27 14000000.5 99 23 21 3 4 0 1 6 1 3 1 1 5 4 7 0 2 3 2 7 1 3
temp_spectre.28 14500000.5 86 31 17 6 5 0 1 5 1 3 2 2 1 0 2 2 1 0 1 4 0 0
temp_spectre.29 15000000.5 85 27 20 7 4 1 2 2 3 2 2 1 1 0 1 5 1 0 0 4 0 0
temp_spectre.30 15500000.5 83 12 21 1 5 2 3 3 7 5 4 1 2 0 3 3 0 0 2 5 1 0
temp_spectre.31 16000000.5 80 13 9 3 8 5 4 3 5 5 4 2 1 0 2 0 0 4 2 7 1 0
temp_spectre.32 16500000.5 61 20 7 5 5 5 2 2 0 3 1 1 0 0 0 0 1 4 2 3 0 0
temp_spectre.33 17000000.5 79 20 8 3 5 9 0 2 3 6 2 4 0 5 1 1 3 1 4 1 1 0
temp_spectre.34 17500000.5 91 15 4 6 10 11 0 3 5 5 2 5 1 6 4 2 2 2 4 2 2 0
temp_spectre.35 18000000.5 89 17 6 9 7 4 4 6 6 1 6 2 1 1 3 1 2 3 2 3 1 1
temp_spectre.36 18500000.5 80 21 6 5 1 3 5 4 6 4 7 1 0 6 0 0 2 3 0 2 0 1
temp_spectre.37 19000000.5 87 20 15 1 4 3 3 10 4 3 3 0 1 6 1 0 1 3 0 0 0 1
temp_spectre.38 19500000.5 117 26 18 5 6 8 6 10 2 2 9 0 3 1 1 1 2 2 0 2 2 2
temp_spectre.39 20000000.5 105 27 6 8 4 7 4 1 4 7 10 0 2 5 1 3 3 1 2 3 3 1
temp_spectre.40 20500000.5 125 31 10 9 11 8 3 3 6 6 3 0 6 7 5 4 5 2 2 1 1 0
temp_spectre.41 21000000.5 144 36 12 14 22 10 4 8 3 3 2 0 6 4 6 4 3 2 1 1 3 0
temp_spectre.42 21500000.5 123 27 8 18 15 4 1 7 4 4 2 2 0 3 8 2 1 3 1 3 5 2
temp_spectre.43 22000000.5 84 17 8 10 3 6 1 1 3 3 1 2 0 2 7 2 3 2 0 3 3 2
temp_spectre.44 22500000.5 55 19 7 2 2 4 1 1 0 2 2 0 0 0 2 2 3 0 0 2 2 1
temp_spectre.45 23000000.5 88 43 7 5 5 2 2 1 1 2 3 0 4 2 1 0 1 2 0 3 1 1
temp_spectre.46 23500000.5 103 37 7 5 13 4 3 0 1 2 2 0 5 3 0 1 1 4 1 2 11 0
temp_spectre.47 24000000.5 83 20 9 4 13 2 3 1 2 2 0 4 1 1 1 1 3 2 1 0 13 0
temp_spectre.48 24500000.5 75 14 7 5 7 1 4 1 4 5 1 7 3 0 2 0 2 6 2 0 3 1
temp_spectre.49 25000000.5 73 11 10 6 5 2 7 1 2 5 2 6 4 0 1 0 0 6 2 0 1 1
temp_spectre.50 25500000.5 61 15 10 5 5 4 5 1 0 1 7 3 2 1 0 0 0 1 0 0 0 0
temp_spectre.51 26000000.5 149 28 13 11 19 15 3 6 10 3 11 3 3 1 1 3 0 1 2 0 3 13
temp_spectre.52 26500000.5 150 31 19 12 19 12 3 6 10 3 5 3 2 0 1 4 1 0 2 1 3 13
temp_spectre.53 27000000.5 62 16 12 7 7 1 1 2 0 0 0 2 0 1 1 1 5 1 0 2 2 0
temp_spectre.54 27500000.5 66 7 7 5 7 3 1 5 1 3 4 3 0 3 2 2 4 1 1 2 3 0
temp_spectre.55 28000000.5 68 15 10 3 7 6 0 4 1 3 5 1 1 2 1 2 1 0 2 1 1 0
temp_spectre.56 28500000.5 70 24 12 6 5 7 1 6 0 0 1 1 2 0 0 0 1 0 1 2 0 0
temp_spectre.57 29000000.5 84 27 10 8 9 3 3 9 0 1 3 1 4 0 0 0 0 1 0 2 0 1
temp_spectre.58 29500000.5 93 36 14 7 8 3 2 6 0 1 3 2 3 0 0 0 0 2 1 0 0 3
temp_spectre.59 30000000.5 62 22 13 3 1 9 0 6 0 0 1 2 0 0 0 0 0 1 2 0 0 2
temp_spectre.60 30500000.5 54 15 6 3 1 7 6 7 0 0 4 0 0 0 1 0 0 0 2 0 2 0
temp_spectre.61 31000000.5 80 19 5 9 0 2 6 5 4 2 4 0 1 1 8 6 2 1 1 1 2 0
temp_spectre.62 31500000.5 74 13 4 9 2 2 4 3 4 2 3 1 2 2 7 6 2 1 3 1 0 0
temp_spectre.63 32000000.5 103 28 9 15 5 12 6 2 4 0 3 3 1 1 1 2 2 1 3 0 0 0
temp_spectre.64 32500000.5 118 53 11 12 3 12 2 1 4 2 1 3 2 0 2 3 2 1 1 0 0 0
temp_spectre.65 33000000.5 59 33 4 3 2 1 1 2 1 2 0 1 2 0 2 1 0 0 1 0 1 0
temp_spectre.66 33500000.5 49 14 3 5 2 3 1 3 2 0 1 1 6 0 1 1 0 0 0 1 3 0
temp_spectre.67 34000000.5 50 14 2 4 0 5 1 1 3 3 2 1 7 0 1 1 0 1 0 2 2 0
temp_spectre.68 34500000.5 63 8 8 7 2 4 3 0 6 7 2 3 4 3 1 1 0 1 1 1 0 0
temp_spectre.69 35000000.5 71 14 10 6 3 3 2 0 5 4 3 3 4 3 2 2 0 1 2 0 0 0
temp_spectre.70 35500000.5 74 33 9 5 1 2 1 1 1 3 2 0 2 0 4 1 0 1 2 0 1 0
temp_spectre.71 36000000.5 92 38 11 6 2 3 4 5 1 5 3 1 1 0 3 0 1 0 2 1 3 0
temp_spectre.72 36500000.5 87 27 10 5 10 7 4 6 1 2 3 2 0 0 2 1 2 1 1 1 2 0
temp_spectre.73 37000000.5 67 21 9 4 9 5 5 4 0 0 0 1 1 3 2 1 1 1 0 0 0 0
temp_spectre.74 37500000.5 51 20 5 2 1 2 6 2 1 0 1 0 1 3 1 1 0 4 1 0 0 0
temp_spectre.75 38000000.5 54 17 3 2 4 3 5 0 2 0 2 0 1 1 0 1 1 4 3 0 3 0
temp_spectre.76 38500000.5 63 20 3 5 4 3 3 3 1 1 2 0 2 2 1 1 1 0 4 0 5 0
temp_spectre.77 39000000.5 55 20 2 9 1 3 1 3 0 2 1 0 2 1 1 2 3 0 2 0 2 0
temp_spectre.78 39500000.5 30 5 3 5 1 1 2 0 3 1 0 1 2 0 0 1 3 1 1 0 0 0
temp_spectre.79 40000000.5 217 21 13 2 2 1 3 4 7 8 4 3 5 12 10 11 6 25 13 35 30 0
temp_spectre.80 40500000.5 286 33 14 6 6 12 5 8 8 18 10 2 4 15 12 11 9 24 12 35 33 0
temp_spectre.81 41000000.5 116 23 7 7 7 12 5 5 4 11 7 0 2 3 4 1 3 0 1 1 3 0
temp_spectre.82 41500000.5 96 27 7 6 11 2 10 3 1 1 3 0 2 0 3 2 2 3 7 1 2 0
temp_spectre.83 42000000.5 112 42 5 8 11 5 11 3 2 2 2 0 0 1 1 1 2 3 9 0 3 1
temp_spectre.84 42500000.5 74 30 5 5 5 6 4 2 2 2 0 1 0 1 0 0 0 0 3 1 3 1
temp_spectre.85 43000000.5 61 16 5 1 5 2 2 5 2 1 0 8 3 0 0 0 0 0 4 2 2 0
temp_spectre.86 43500000.5 71 21 4 4 3 3 3 8 1 1 0 7 4 0 3 0 1 0 4 1 0 0
temp_spectre.87 44000000.5 59 17 4 6 1 5 4 4 0 0 2 4 1 0 3 0 1 0 2 0 1 0
temp_spectre.88 44500000.5 50 12 7 4 2 3 3 1 0 1 2 4 0 0 1 0 0 3 3 1 1 0
temp_spectre.89 45000000.5 52 8 11 7 1 1 1 3 0 1 1 1 2 1 1 0 4 6 1 1 0 0
temp_spectre.90 45500000.5 62 8 9 6 2 4 3 2 5 3 2 1 3 2 0 0 4 3 3 0 0 1
temp_spectre.91 46000000.5 63 11 5 1 2 4 3 1 5 6 1 3 1 2 0 5 1 1 5 2 1 1
temp_spectre.92 46500000.5 60 14 4 5 2 0 1 3 0 4 1 4 0 1 0 5 4 2 2 2 4 0
temp_spectre.93 47000000.5 69 12 10 5 2 0 1 3 1 2 3 2 1 0 2 0 15 3 1 0 4 0
temp_spectre.94 47500000.5 91 16 14 4 3 1 3 2 1 5 5 1 3 2 4 3 12 2 5 0 3 0
temp_spectre.95 48000000.5 80 18 10 3 6 4 4 2 0 5 5 0 3 2 2 3 1 0 4 1 5 1
temp_spectre.96 48500000.5 53 13 7 1 3 10 1 2 0 1 2 0 1 0 1 0 1 3 0 2 4 1
temp_spectre.97 49000000.5 70 14 13 5 1 9 3 2 2 2 0 4 3 0 2 0 2 3 0 1 3 0
temp_spectre.98 49500000.5 61 12 12 5 3 2 3 4 2 3 0 4 4 0 1 0 2 0 0 0 3 0
temp_spectre.99 50000000.5 35 9 2 2 2 1 0 11 2 1 0 0 1 0 0 0 0 0 0 1 1 0
temp_spectre.100 50500000.5 47 12 1 2 3 4 0 12 4 1 0 0 0 1 2 0 0 0 1 1 0 0
temp_spectre.101 51000000.5 57 16 1 4 4 4 0 6 2 3 0 0 4 1 2 0 0 0 1 4 0 3
temp_spectre.102 51500000.5 49 12 2 3 1 4 0 2 0 4 1 0 4 0 0 1 0 3 2 4 0 3
temp_spectre.103 52000000.5 36 13 4 0 2 3 1 0 0 2 1 1 0 0 0 1 1 3 2 0 0 0
temp_spectre.104 52500000.5 67 25 6 8 5 4 4 0 2 1 1 1 1 4 0 1 1 0 1 1 0 1
temp_spectre.105 53000000.5 82 27 7 10 4 4 3 1 2 2 3 3 4 5 1 2 0 0 1 1 0 2
temp_spectre.106 53500000.5 65 27 4 3 2 0 3 1 1 1 5 5 6 1 1 1 0 1 2 0 0 1
temp_spectre.107 54000000.5 71 29 14 4 1 2 4 0 1 0 3 2 3 0 0 0 2 1 2 0 3 0
temp_spectre.108 54500000.5 75 23 16 11 2 3 1 0 0 1 2 0 2 3 1 1 4 0 1 0 3 0
temp_spectre.109 55000000.5 77 21 8 9 4 5 2 7 1 1 2 0 2 3 1 1 3 1 1 0 1 3
temp_spectre.110 55500000.5 71 19 10 2 2 7 4 8 2 1 0 3 1 0 0 0 1 1 1 1 3 4
temp_spectre.111 56000000.5 87 29 8 9 3 4 3 1 2 2 1 4 7 1 0 0 0 3 3 1 2 1
temp_spectre.112 56500000.5 93 27 7 11 6 1 1 4 5 2 4 1 8 2 1 0 0 3 4 3 0 1
temp_spectre.113 57000000.5 72 21 5 3 5 0 6 5 4 2 4 0 2 2 1 0 2 0 2 5 2 1
temp_spectre.114 57500000.5 68 27 3 3 2 0 13 1 1 3 2 0 0 3 4 0 2 0 0 2 2 0
temp_spectre.115 58000000.5 57 23 5 3 2 1 7 1 1 2 2 0 0 3 4 0 0 1 0 0 0 0
temp_spectre.116 58500000.5 62 23 4 3 5 2 3 1 2 0 1 2 0 4 1 1 0 2 1 1 3 0
temp_spectre.117 59000000.5 74 20 5 8 5 6 3 2 4 0 1 2 0 3 1 2 0 1 3 2 3 0
temp_spectre.118 59500000.5 65 18 5 8 4 5 2 2 2 1 1 1 2 1 0 3 0 0 3 3 2 0
temp_spectre.119 60000000.5 43 18 3 3 2 0 2 1 0 1 0 1 2 1 0 2 1 1 1 2 2 0
temp_spectre.120 60500000.5 41 17 5 5 0 3 0 2 1 1 0 1 1 0 0 0 3 1 0 0 0 0
temp_spectre.121 61000000.5 72 17 7 16 2 3 1 3 4 2 0 1 3 0 1 0 2 0 4 1 1 0
temp_spectre.122 61500000.5 73 9 4 25 6 0 2 2 5 2 1 0 4 1 1 0 0 0 4 3 1 0
temp_spectre.123 62000000.5 60 11 1 18 6 1 6 0 2 1 1 3 2 2 1 1 1 0 0 3 0 0
temp_spectre.124 62500000.5 44 12 1 5 5 1 6 0 0 0 0 6 0 1 1 1 1 1 0 1 0 0
temp_spectre.125 63000000.5 57 10 6 11 5 0 2 1 0 2 2 8 1 1 1 1 0 1 0 0 2 0
temp_spectre.126 63500000.5 63 14 10 13 3 0 2 1 3 2 2 5 1 1 1 1 1 0 0 0 2 0
temp_spectre.127 64000000.5 27 7 7 3 3 0 1 0 3 0 0 0 1 0 0 0 1 0 0 0 1 0
temp_spectre.128 64500000.5 41 12 13 2 3 1 0 0 0 0 0 1 6 0 1 0 0 0 0 0 2 0
temp_spectre.129 65000000.5 49 17 10 7 2 1 1 0 2 0 0 1 6 0 1 0 0 0 0 0 1 0
temp_spectre.130 65500000.5 35 12 3 7 3 0 1 2 3 2 1 0 1 0 0 0 0 0 0 0 0 0
temp_spectre.131 66000000.5 32 8 6 4 3 3 0 3 2 2 1 0 0 0 0 0 0 0 0 0 0 0
temp_spectre.132 66500000.5 24 4 7 2 3 3 2 1 1 0 0 0 0 0 0 0 0 0 0 1 0 0
temp_spectre.133 67000000.5 52 10 16 4 5 1 8 2 1 0 0 1 0 0 0 0 0 1 0 2 0 0
temp_spectre.134 67500000.5 58 9 16 4 3 3 7 2 1 1 2 2 0 0 0 0 0 4 0 2 0 0
temp_spectre.135 68000000.5 30 5 4 2 0 4 1 0 1 1 2 1 0 0 0 1 0 3 3 1 0 0
temp_spectre.136 68500000.5 23 11 0 2 0 2 0 0 2 0 0 0 0 0 0 2 0 0 3 1 0 0
temp_spectre.137 69000000.5 45 24 5 1 0 2 0 1 2 0 2 1 1 0 0 2 1 0 0 1 2 0
temp_spectre.138 69500000.5 65 27 8 7 0 2 1 3 1 0 2 1 2 0 2 2 1 0 0 1 4 0
temp_spectre.139 70000000.5 69 18 6 10 1 0 14 3 0 6 1 0 1 0 2 1 1 0 0 1 2 0
temp_spectre.140 70500000.5 70 18 9 8 2 1 13 1 2 6 1 2 0 1 0 0 2 2 0 0 1 0
temp_spectre.141 71000000.5 65 24 10 6 1 6 1 1 2 3 0 3 0 2 0 0 1 2 0 1 1 0
temp_spectre.142 71500000.5 65 21 7 5 3 8 3 2 0 5 1 1 0 2 0 0 0 1 2 2 1 0
temp_spectre.143 72000000.5 73 26 9 3 11 7 3 1 0 2 1 0 0 1 0 0 1 1 3 1 2 0
temp_spectre.144 72500000.5 61 24 11 0 8 5 1 0 2 1 0 0 0 0 0 0 1 1 2 0 1 1
temp_spectre.145 73000000.5 48 12 7 2 1 2 0 3 3 1 0 0 4 0 0 1 2 1 3 1 0 2
temp_spectre.146 73500000.5 60 22 4 8 4 2 0 3 1 1 0 0 4 0 0 1 2 0 3 1 1 1
temp_spectre.147 74000000.5 44 18 6 8 3 1 1 0 0 1 0 0 0 0 0 1 0 0 2 1 1 0
temp_spectre.148 74500000.5 40 12 5 3 1 9 1 0 3 0 0 0 0 0 0 1 0 0 2 2 0 1
temp_spectre.149 75000000.5 75 25 2 4 9 18 2 1 5 0 0 0 0 0 0 0 0 0 1 2 1 1
temp_spectre.150 75500000.5 74 24 1 9 11 11 2 2 3 0 0 2 0 0 0 0 0 0 0 1 1 0
temp_spectre.151 76000000.5 44 17 5 6 4 3 0 1 1 0 1 2 0 0 0 0 0 0 0 0 0 0
temp_spectre.152 76500000.5 28 13 5 0 1 2 0 0 0 2 4 0 0 0 0 0 0 0 0 0 0 0
temp_spectre.153 77000000.5 65 25 10 7 4 8 2 1 0 2 3 0 1 0 0 0 0 0 0 0 0 0
temp_spectre.154 77500000.5 73 25 11 9 6 8 2 1 1 1 0 0 1 0 0 0 0 0 2 2 0 0
temp_spectre.155 78000000.5 34 11 3 2 3 3 2 0 1 1 0 0 1 0 0 0 0 0 3 2 0 0
temp_spectre.156 78500000.5 32 10 3 0 1 3 6 1 0 0 0 0 2 1 0 0 0 0 1 3 0 0
temp_spectre.157 79000000.5 16 3 1 0 0 1 4 1 0 0 0 0 1 1 0 0 0 0 0 3 0 0
temp_spectre.158 80000000.5 8 5 1 0 0 0 1 0 0 0 0 1 0 0 0 0 0 0 0 0 0 0
temp_spectre.159 80500000.5 23 13 1 0 0 0 1 0 0 0 0 1 1 2 0 0 1 2 1 0 0 0
temp_spectre.160 81000000.5 33 19 3 0 0 0 0 0 0 0 0 0 1 2 0 0 2 4 1 0 0 0
temp_spectre.161 81500000.5 35 19 4 0 0 1 0 0 4 1 0 0 0 0 0 0 2 2 0 0 0 0
temp_spectre.162 82000000.5 30 15 3 2 1 1 0 0 4 1 0 0 1 0 0 0 1 0 0 0 0 0
temp_spectre.163 82500000.5 39 12 3 2 1 3 1 1 1 0 0 1 1 0 0 0 0 2 0 1 0 9
temp_spectre.164 83000000.5 203 45 16 7 13 17 11 9 17 9 0 4 2 9 2 3 2 5 8 3 1 16
temp_spectre.165 83500000.5 198 45 15 7 19 16 11 8 16 9 1 4 3 9 4 3 3 3 8 2 1 7
temp_spectre.166 84000000.5 33 8 0 0 6 5 1 0 0 0 1 2 1 0 2 0 1 0 2 3 0 0
temp_spectre.167 84500000.5 25 3 0 1 1 4 0 0 0 1 0 2 0 0 2 0 0 0 2 8 1 0
temp_spectre.168 85000000.5 20 0 0 2 1 1 0 0 0 1 0 1 0 3 2 0 0 0 0 8 1 0
temp_spectre.169 85500000.5 14 1 2 2 0 0 0 0 0 0 0 1 0 3 0 0 0 0 1 4 0 0
temp_spectre.170 86000000.5 10 1 2 2 0 0 0 0 0 0 0 2 0 1 0 0 0 0 1 1 0 0
temp_spectre.171 86500000.5 70 15 3 5 4 1 2 4 1 3 0 4 0 6 3 3 1 0 4 1 5 1
temp_spectre.172 87000000.5 74 18 3 4 4 1 2 4 1 3 0 3 0 8 3 3 1 0 5 1 5 1
temp_spectre.173 87500000.5 36 13 2 6 0 0 0 0 0 0 2 0 0 4 1 3 0 0 2 0 3 0
temp_spectre.174 88000000.5 57 16 7 9 1 1 0 1 2 1 2 1 1 1 4 3 0 0 1 0 3 0
temp_spectre.175 88500000.5 57 7 8 8 1 1 1 3 3 1 0 1 5 1 3 0 2 5 0 0 1 3
temp_spectre.176 89000000.5 104 12 6 11 0 1 4 4 1 0 2 3 7 10 4 6 4 7 12 5 1 3
temp_spectre.177 89500000.5 79 11 3 6 0 1 4 2 0 3 2 3 3 9 4 6 2 2 12 5 0 0
temp_spectre.178 90000000.5 47 14 4 8 2 0 1 3 0 4 0 0 1 1 3 1 1 2 1 0 0 1
temp_spectre.179 90500000.5 84 23 13 14 10 1 3 3 0 1 0 0 1 2 3 1 1 2 1 0 0 2
temp_spectre.180 91000000.5 49 14 10 6 8 2 3 0 0 0 0 0 0 1 0 0 0 0 0 0 0 1
temp_spectre.181 91500000.5 84 32 17 5 1 3 2 0 1 1 1 0 2 1 2 1 0 0 2 2 4 2
temp_spectre.182 92000000.5 111 37 17 8 2 4 2 1 1 1 2 0 6 2 3 1 0 0 3 4 10 3
temp_spectre.183 92500000.5 46 16 1 4 1 2 0 1 0 0 1 0 6 2 1 0 0 0 1 2 6 1
temp_spectre.184 93000000.5 16 8 1 2 0 1 0 0 0 0 0 0 2 1 0 0 0 0 0 0 0 0
temp_spectre.185 93500000.5 13 5 3 1 0 1 2 0 0 0 0 0 0 0 0 0 0 0 0 1 0 0
temp_spectre.186 94000000.5 12 4 2 0 0 1 2 0 0 0 0 0 2 0 0 0 0 0 0 1 0 0
temp_spectre.187 94500000.5 18 3 2 0 0 1 0 0 2 4 0 0 3 1 0 0 0 1 0 1 0 0
temp_spectre.188 95000000.5 33 8 2 2 0 1 0 0 2 4 0 0 2 1 4 0 0 6 0 1 0 0
temp_spectre.189 95500000.5 29 11 1 2 0 2 1 0 1 0 0 0 1 0 4 0 0 5 0 0 0 0
temp_spectre.190 96000000.5 26 13 1 1 1 3 2 0 1 0 0 0 0 0 1 0 1 0 0 0 0 1
temp_spectre.191 96500000.5 25 12 1 1 3 2 1 0 0 0 1 0 0 0 1 0 1 0 0 0 0 2
temp_spectre.192 97000000.5 41 20 3 2 2 2 1 0 1 0 1 0 1 1 0 0 0 0 0 1 2 4
temp_spectre.193 97500000.5 47 21 3 4 0 2 2 0 2 0 0 0 1 1 0 0 0 1 1 2 3 3
temp_spectre.194 98000000.5 25 11 2 3 1 0 1 0 1 0 0 0 0 0 1 0 0 1 1 1 1 0
temp_spectre.195 98500000.5 26 9 4 2 2 0 1 0 0 0 0 0 0 0 2 1 0 0 0 0 2 3
temp_spectre.196 99000000.5 98 21 12 7 11 3 6 2 3 1 3 1 1 1 1 2 2 5 0 2 3 11
temp_spectre.197 99500000.5 82 18 9 6 10 3 5 2 3 1 3 1 1 1 0 1 2 5 0 2 1 8
temp_spectre.198 100500000.5 13 5 2 2 1 2 1 0 0 0 0 0 0 0 0 0 0 0 0 0 0 0
temp_spectre.199 101000000.5 64 11 3 2 2 3 1 2 1 0 0 2 0 10 1 5 9 2 5 0 2 3
temp_spectre.200 101500000.5 54 8 1 0 2 1 0 2 1 0 0 2 0 10 1 5 9 2 5 0 2 3
temp_spectre.201 102000000.5 8 4 0 1 1 0 0 0 0 0 0 0 0 0 0 0 0 1 1 0 0 0
temp_spectre.202 102500000.5 10 7 0 1 0 0 0 0 0 0 0 0 0 0 0 0 0 1 1 0 0 0
temp_spectre.203 103000000.5 8 6 0 0 0 0 0 0 0 0 0 0 0 0 2 0 0 0 0 0 0 0
temp_spectre.204 103500000.5 73 12 9 2 4 4 4 12 0 2 12 1 1 0 2 0 1 1 0 1 1 1
temp_spectre.205 104000000.5 80 11 9 5 5 5 4 12 0 3 12 1 1 1 1 0 1 1 0 2 1 1
temp_spectre.206 104500000.5 38 10 2 4 2 4 3 0 0 1 0 1 0 1 1 0 1 0 1 1 0 5
temp_spectre.207 105000000.5 36 12 3 1 1 5 3 0 0 0 0 2 0 0 0 0 1 0 1 0 1 5
temp_spectre.208 105500000.5 18 2 1 3 0 2 0 0 0 0 0 1 0 0 1 1 0 0 2 0 2 2
temp_spectre.209 106000000.5 47 7 2 7 1 3 0 2 3 0 0 0 1 0 3 1 0 0 2 3 6 6
temp_spectre.210 106500000.5 40 8 2 5 1 3 0 2 3 0 0 0 1 0 2 0 0 0 0 3 6 4
temp_spectre.211 107000000.5 35 16 1 3 2 1 0 0 0 0 1 1 1 0 1 0 0 0 1 0 1 6
temp_spectre.212 107500000.5 39 20 1 2 3 1 0 0 0 0 1 2 1 0 1 0 0 0 1 0 0 6
temp_spectre.213 108000000.5 7 5 0 0 1 0 0 0 0 0 0 1 0 0 0 0 0 0 0 0 0 0
temp_spectre.214 108500000.5 17 9 1 1 3 0 0 1 0 0 0 1 0 0 0 0 0 0 0 1 0 0
temp_spectre.215 109000000.5 34 16 3 2 4 0 0 1 0 0 0 1 0 0 0 1 0 0 0 2 0 2
temp_spectre.216 109500000.5 20 8 2 1 1 0 0 0 0 0 0 0 0 1 1 1 0 0 0 1 0 2
temp_spectre.217 110000000.5 14 8 0 0 0 2 0 0 0 0 0 0 0 1 1 0 0 0 0 1 0 0
temp_spectre.218 110500000.5 21 8 2 0 2 2 2 0 0 0 0 0 0 1 2 0 0 0 0 1 0 0
temp_spectre.219 111000000.5 88 21 10 5 3 3 4 3 7 3 3 0 1 2 5 2 2 0 3 0 2 9
temp_spectre.220 111500000.5 154 34 15 15 4 8 3 4 7 5 3 1 3 2 6 5 5 2 6 5 2 14
temp_spectre.221 112000000.5 108 23 9 10 3 8 1 4 2 2 1 1 3 1 4 6 6 2 3 6 1 6
temp_spectre.222 112500000.5 61 16 12 2 4 5 0 4 2 0 1 0 1 0 1 4 3 0 1 2 1 1
temp_spectre.223 113000000.5 55 11 14 2 5 3 0 4 1 0 0 4 0 0 1 3 0 0 1 1 0 0
temp_spectre.224 113500000.5 55 18 7 3 1 1 0 3 1 0 1 5 0 0 3 2 2 0 0 0 0 0
temp_spectre.225 114000000.5 46 22 5 6 1 0 0 0 0 0 2 1 0 0 2 0 2 0 0 2 0 0
temp_spectre.226 114500000.5 38 21 3 4 1 0 0 0 1 1 2 1 0 0 0 1 0 0 1 2 0 0
temp_spectre.227 115000000.5 50 23 5 2 0 0 0 0 1 1 2 2 0 0 0 1 1 10 1 1 0 0
temp_spectre.228 115500000.5 52 21 5 2 0 0 2 0 0 0 1 3 1 0 0 0 4 11 0 1 0 0
temp_spectre.229 116000000.5 48 14 9 2 1 1 2 2 2 2 3 3 1 1 0 0 3 1 0 0 0 0
temp_spectre.230 116500000.5 49 10 11 3 2 3 1 4 2 3 4 1 0 1 1 1 0 0 1 0 1 0
temp_spectre.231 117000000.5 53 14 10 2 5 4 2 3 0 1 2 0 0 2 1 1 2 0 1 0 1 0
temp_spectre.232 117500000.5 97 23 14 11 10 5 3 2 2 1 4 3 5 2 0 0 2 0 3 4 0 0
temp_spectre.233 118000000.5 149 35 14 21 18 6 7 2 3 4 14 3 5 1 1 0 7 0 3 4 0 0
temp_spectre.234 118500000.5 110 26 8 10 15 6 5 13 1 4 11 0 0 2 1 1 7 0 0 0 0 0
temp_spectre.235 119000000.5 53 13 5 5 6 3 0 12 1 2 0 0 1 1 0 1 0 0 0 0 1 0
temp_spectre.236 119500000.5 49 15 10 6 3 2 0 0 1 1 0 0 3 0 2 0 0 0 1 0 1 0
temp_spectre.237 120000000.5 56 15 9 6 0 2 8 0 0 1 0 1 5 0 4 0 0 0 2 1 0 0
temp_spectre.238 120500000.5 70 20 6 7 0 8 10 0 1 2 1 1 4 1 3 1 1 1 2 1 0 0
temp_spectre.239 121000000.5 69 28 6 4 1 8 2 1 4 1 2 1 1 2 1 1 1 2 1 0 0 0
temp_spectre.240 121500000.5 65 26 10 4 3 2 0 1 3 2 3 2 2 1 0 0 0 2 2 0 0 0
temp_spectre.241 122000000.5 66 24 10 2 7 2 4 0 1 2 2 1 2 0 0 0 1 2 2 1 2 0
temp_spectre.242 122500000.5 61 27 8 1 6 0 5 0 2 0 0 1 0 0 1 0 1 1 1 1 4 0
temp_spectre.243 123000000.5 89 32 13 2 5 4 3 0 2 2 0 6 0 5 2 2 0 0 1 0 4 0
temp_spectre.244 123500000.5 131 43 11 8 7 4 2 4 10 6 0 7 1 6 1 3 0 0 3 5 2 0
temp_spectre.245 124000000.5 103 38 4 8 4 0 2 4 11 7 2 2 1 1 0 3 0 2 3 7 1 0
temp_spectre.246 124500000.5 86 22 5 3 3 2 3 9 6 3 6 5 0 2 6 3 0 2 1 4 1 0
temp_spectre.247 125000000.5 108 23 12 2 4 3 3 12 6 1 4 5 0 3 12 1 1 6 5 3 2 0
temp_spectre.248 125500000.5 82 22 12 3 4 1 2 6 3 1 0 2 0 1 6 0 2 6 4 2 2 0
temp_spectre.249 126000000.5 71 33 7 3 4 1 0 4 1 1 3 4 0 0 0 0 1 1 0 2 0 0
temp_spectre.250 126500000.5 72 35 12 2 2 3 0 2 0 1 3 2 0 0 2 0 0 2 0 1 2 0
temp_spectre.251 127000000.5 60 23 10 7 0 2 0 1 1 3 1 1 0 0 6 1 1 1 0 0 2 0
temp_spectre.252 127500000.5 70 32 4 8 6 0 0 0 1 4 1 1 0 0 5 2 2 0 1 0 0 0
temp_spectre.253 128000000.5 66 30 9 3 8 0 0 1 1 1 1 1 1 0 2 1 1 1 2 0 0 0
temp_spectre.254 128500000.5 61 20 17 3 5 1 0 1 2 0 1 1 2 0 2 2 1 1 1 0 0 0
temp_spectre.255 129000000.5 55 12 15 6 4 1 0 1 2 2 0 3 1 2 1 2 1 0 0 0 0 0
temp_spectre.256 129500000.5 39 7 4 7 2 0 1 1 3 4 0 3 0 2 0 1 1 0 1 0 0 0
temp_spectre.257 130000000.5 54 14 1 7 2 0 4 0 9 3 2 0 1 0 0 3 3 0 2 2 0 0
temp_spectre.258 130500000.5 64 18 4 5 1 0 5 1 8 2 3 0 1 0 1 4 3 0 2 3 2 0
temp_spectre.259 131000000.5 71 17 3 4 5 0 4 2 1 6 2 4 1 0 3 3 3 2 3 3 2 0
temp_spectre.260 131500000.5 79 17 4 5 8 1 4 2 1 5 5 8 2 0 3 1 2 2 2 2 0 1
temp_spectre.261 132000000.5 92 20 8 6 6 8 6 3 14 1 4 6 1 0 1 0 1 0 0 0 2 2
temp_spectre.262 132500000.5 75 11 5 6 4 7 4 2 23 1 0 3 0 0 0 0 2 2 1 0 2 1
temp_spectre.263 133000000.5 45 3 4 4 3 1 4 0 11 2 1 1 1 1 0 1 3 2 1 0 1 1
temp_spectre.264 133500000.5 38 5 3 2 2 1 4 0 1 2 3 2 1 5 0 1 2 0 0 2 1 1
temp_spectre.265 134000000.5 66 21 2 7 0 9 0 0 0 0 4 2 1 7 0 0 0 3 0 9 1 0
temp_spectre.266 134500000.5 108 37 7 9 1 12 1 1 5 3 4 1 1 10 1 1 1 3 0 9 1 0
temp_spectre.267 135000000.5 100 24 6 12 8 4 2 5 12 4 3 2 0 7 1 3 3 2 0 2 0 0
temp_spectre.268 135500000.5 158 27 17 16 10 8 9 15 7 7 2 2 2 1 2 10 4 4 5 4 3 2
temp_spectre.269 136000000.5 148 26 17 7 8 8 8 15 1 9 2 2 2 1 7 8 2 6 5 8 3 2
temp_spectre.270 136500000.5 67 12 4 1 10 2 5 4 1 4 5 1 1 2 6 0 0 5 0 4 0 0
temp_spectre.271 137000000.5 67 13 7 12 8 3 6 0 0 3 4 2 1 2 1 1 0 1 0 0 3 0
temp_spectre.272 137500000.5 86 22 6 11 6 5 2 0 19 4 0 3 0 0 0 1 0 2 0 1 4 0
temp_spectre.273 138000000.5 71 21 5 0 3 4 3 0 20 3 0 1 1 0 1 0 0 3 1 3 1 0
temp_spectre.274 138500000.5 51 15 9 0 2 1 3 2 1 1 1 0 3 0 3 0 1 2 1 3 2 0
temp_spectre.275 139000000.5 54 16 12 1 2 2 1 2 0 1 1 0 2 0 2 0 1 1 0 3 5 0
temp_spectre.276 139500000.5 43 9 6 3 0 2 0 0 0 1 2 10 1 0 0 0 0 0 0 3 3 0
temp_spectre.277 140000000.5 39 8 2 3 0 0 0 0 0 0 3 10 1 0 0 0 4 3 1 1 2 0
temp_spectre.278 140500000.5 39 11 5 3 0 0 0 4 0 1 3 0 0 1 0 0 4 3 1 0 3 0
temp_spectre.279 141000000.5 77 14 4 2 2 6 5 5 2 2 6 3 8 1 3 4 0 1 1 1 5 1
temp_spectre.280 141500000.5 92 25 7 1 4 6 5 3 2 1 4 3 8 0 3 5 0 5 1 1 5 1
temp_spectre.281 142000000.5 62 26 8 4 4 2 5 2 0 1 1 0 0 0 0 2 0 4 0 0 1 1
temp_spectre.282 142500000.5 120 37 18 8 13 8 5 2 2 6 5 0 2 2 0 1 0 2 2 1 2 3
temp_spectre.283 143000000.5 133 49 19 8 12 9 4 3 4 5 4 1 2 2 0 0 0 2 2 1 2 3
temp_spectre.284 143500000.5 75 24 5 5 3 8 5 2 3 0 0 1 0 1 1 1 5 3 5 0 1 1
temp_spectre.285 144000000.5 60 7 2 5 7 6 2 2 2 0 0 0 1 2 3 1 5 3 5 1 1 3
temp_spectre.286 144500000.5 47 8 4 3 5 4 2 1 4 0 0 1 1 2 2 1 1 0 0 3 0 3
temp_spectre.287 145000000.5 72 20 8 5 1 5 2 1 6 0 1 2 0 2 5 1 2 0 6 2 2 0
temp_spectre.288 145500000.5 78 23 5 5 3 4 2 3 6 2 2 2 0 5 5 0 3 0 6 0 2 0
temp_spectre.289 146000000.5 67 22 9 1 3 5 3 3 3 3 2 1 1 6 0 2 2 0 0 0 0 0
temp_spectre.290 146500000.5 64 23 10 2 3 6 3 4 3 1 2 0 1 2 1 2 0 0 0 0 0 0
temp_spectre.291 147000000.5 45 13 6 1 4 3 2 4 3 2 3 0 0 0 1 0 0 1 0 1 0 0
temp_spectre.292 147500000.5 69 11 24 1 4 1 2 1 0 2 6 0 2 0 1 0 0 3 7 3 0 0
temp_spectre.293 148000000.5 89 21 25 7 3 2 1 0 1 1 9 1 2 1 1 0 1 4 7 2 0 0
temp_spectre.294 148500000.5 70 24 9 9 2 3 1 1 3 2 6 1 0 1 1 0 1 2 0 0 0 0
temp_spectre.295 149000000.5 61 19 10 5 1 2 2 1 2 1 1 2 1 0 4 1 1 1 0 0 0 0
temp_spectre.296 149500000.5 66 19 10 4 2 3 6 0 2 3 1 2 1 0 4 2 1 1 0 0 0 1
temp_spectre.297 150000000.5 58 14 5 3 3 7 9 1 4 3 1 0 1 0 1 1 0 0 1 1 0 1
temp_spectre.298 150500000.5 66 20 2 3 1 5 8 4 3 3 6 0 3 3 1 0 0 0 2 1 0 0
temp_spectre.299 151000000.5 78 18 4 4 2 1 6 3 2 6 8 8 4 4 4 0 1 0 1 0 2 0
temp_spectre.300 151500000.5 76 17 4 7 6 2 3 2 2 3 3 10 2 2 3 2 1 4 1 0 2 0
temp_spectre.301 152000000.5 73 26 4 6 10 2 2 4 2 1 2 2 0 1 0 2 1 5 1 0 2 0
temp_spectre.302 152500000.5 84 20 11 9 11 4 7 2 3 3 2 1 0 1 3 0 2 2 0 0 3 0
temp_spectre.303 153000000.5 101 28 18 9 9 4 6 4 4 3 1 2 1 3 3 1 1 1 0 2 1 0
temp_spectre.304 153500000.5 72 27 14 3 4 1 1 4 3 1 0 1 1 2 0 4 0 1 1 2 1 0
temp_spectre.305 154000000.5 55 11 10 4 1 4 1 1 3 5 1 0 0 0 1 4 0 1 3 0 3 0
temp_spectre.306 154500000.5 56 10 19 2 2 3 0 1 2 6 1 0 0 0 1 2 0 1 2 0 3 0
temp_spectre.307 155000000.5 75 19 15 4 11 6 3 1 5 2 0 1 1 0 0 3 2 1 0 0 1 0
temp_spectre.308 155500000.5 97 19 7 8 12 8 12 3 5 2 0 4 4 1 3 2 2 0 2 3 0 0
temp_spectre.309 156000000.5 71 9 7 4 7 3 9 3 1 1 2 4 5 1 3 1 0 0 2 4 0 0
temp_spectre.310 156500000.5 83 32 5 3 9 4 3 1 1 1 3 2 6 1 0 1 0 2 0 3 0 0
temp_spectre.311 157000000.5 123 41 10 8 4 4 8 3 2 2 3 7 8 4 2 4 0 3 2 3 0 2
temp_spectre.312 157500000.5 129 20 16 18 2 4 7 3 5 6 4 7 4 5 3 8 1 2 4 1 3 3
temp_spectre.313 158000000.5 108 19 11 15 6 6 3 1 3 6 6 1 1 7 7 4 1 1 3 0 3 3
temp_spectre.314 158500000.5 82 15 6 9 6 8 1 1 2 3 5 0 1 7 6 0 3 0 2 1 0 5
temp_spectre.315 159000000.5 80 14 10 9 4 14 1 1 2 3 1 0 1 4 1 0 3 2 1 2 2 4
temp_spectre.316 159500000.5 101 25 11 7 7 9 1 10 2 1 0 1 3 3 1 6 0 4 1 3 4 2
temp_spectre.317 160000000.5 106 26 12 10 8 1 1 13 2 0 0 4 2 1 4 11 0 3 3 2 2 1
temp_spectre.318 160500000.5 100 29 12 11 5 4 5 4 0 0 2 4 2 3 4 5 0 4 2 0 1 1
temp_spectre.319 161000000.5 112 33 9 8 5 7 6 3 3 0 4 3 4 4 1 3 3 7 1 0 1 2
temp_spectre.320 161500000.5 98 25 5 4 4 7 2 3 9 0 2 4 2 2 3 3 3 7 4 1 1 1
temp_spectre.321 162000000.5 66 14 2 3 4 4 0 1 6 0 3 3 0 1 5 1 0 3 6 3 4 0
temp_spectre.322 162500000.5 69 17 6 3 4 2 5 3 7 0 4 2 0 0 3 1 1 1 4 2 4 0
temp_spectre.323 163000000.5 91 21 7 4 4 1 9 2 9 1 1 4 1 2 2 10 5 2 2 0 1 3
temp_spectre.324 163500000.5 102 18 9 5 10 3 9 3 3 1 1 6 3 4 3 12 4 2 1 0 1 3
temp_spectre.325 164000000.5 98 21 15 7 9 5 5 4 2 0 1 4 2 5 2 3 5 1 1 0 3 0
temp_spectre.326 164500000.5 118 28 13 9 7 2 0 3 4 2 6 4 5 5 3 2 7 5 1 2 6 0
temp_spectre.327 165000000.5 96 20 7 6 5 1 1 5 6 2 7 6 6 2 3 2 2 7 0 2 4 0
temp_spectre.328 165500000.5 76 14 4 6 1 4 2 3 6 0 6 7 4 2 3 2 1 3 1 1 4 0
temp_spectre.329 166000000.5 127 22 13 11 5 6 2 6 7 4 14 5 4 2 3 5 2 2 2 3 6 1
temp_spectre.330 166500000.5 121 22 14 8 4 7 3 8 8 5 14 2 2 0 1 7 2 3 3 2 3 1
temp_spectre.331 167000000.5 105 23 9 5 1 8 4 6 8 4 6 1 2 3 2 4 2 4 2 1 4 1
temp_spectre.332 167500000.5 98 18 14 5 1 10 3 5 7 3 1 2 2 3 6 2 1 2 2 2 3 1
temp_spectre.333 168000000.5 84 24 9 5 1 10 1 3 4 6 0 2 3 1 4 2 0 1 3 1 0 0
temp_spectre.334 168500000.5 76 25 4 6 3 4 2 2 5 7 1 1 3 4 0 1 0 4 1 1 0 0
temp_spectre.335 169000000.5 106 32 8 7 3 2 3 2 7 4 7 2 3 4 1 0 11 4 1 4 1 0
temp_spectre.336 169500000.5 107 35 8 5 6 3 5 2 3 5 6 1 7 1 1 0 11 1 3 3 1 0
temp_spectre.337 170000000.5 40 10 4 1 6 1 4 1 3 2 0 0 5 0 0 0 1 0 2 0 0 0
temp_spectre.338 170500000.5 66 20 10 5 2 0 2 2 4 3 0 3 1 1 0 1 1 2 1 0 3 1
temp_spectre.339 171000000.5 104 26 12 10 3 1 10 1 2 6 5 3 3 1 1 4 2 3 1 0 3 3
temp_spectre.340 171500000.5 51 6 4 6 2 1 11 0 1 3 6 0 2 0 1 3 2 1 0 0 0 2
temp_spectre.341 172000000.5 6 0 1 1 0 0 3 0 0 0 1 0 0 0 0 0 0 0 0 0 0 0
