"Windows" "TajimasD" "Thetapi" "ThetaS" "S" "Thetapi_persite" "ThetaS_persite"
"1" 500000.5 0.334489208109995 10.6933797909408 9.76078345613831 42 0.254604280736685 0.232399606098531
"2" 1000000.5 0.57134355250576 15.1045296167247 13.0143779415177 56 0.269723743155799 0.232399606098531
"3" 1500000.5 0.466102082439152 20.9918699186992 18.5919684878825 80 0.26239837398374 0.232399606098531
"4" 2000000.5 0.511857596121644 20.1707317073171 17.6623700634884 76 0.261957554640481 0.229381429395953
"5" 2500000.5 0.628066817713798 21.0116144018583 17.8947696695869 77 0.265969802555168 0.226516071766923
"6" 3000000.5 0.318060103102442 20.98606271777 19.2891673061781 83 0.244023985090349 0.224292643095094
"7" 3500000.5 0.181205107615233 19.5249709639954 18.5919684878825 80 0.238109401999943 0.226731323022957
"8" 4000000.5 0.408881371773667 16.5725900116144 14.873574790306 64 0.258946718931475 0.232399606098531
"9" 4500000.5 0.57669126439909 14.3193960511034 12.3171791232222 53 0.25570350091256 0.219949627200396
"10" 5000000.5 0.902475613815818 19.4889663182346 15.5707736086016 67 0.274492483355417 0.219306670543684
"11" 5500000.5 0.784514715681214 18.6957026713124 15.3383740025031 66 0.274936803989889 0.225564323566221
"12" 6000000.5 -0.210115154741148 14.6585365853659 15.5707736086016 67 0.215566714490674 0.228981964832376
"13" 6500000.5 0.287853666165757 16.0696864111498 14.873574790306 64 0.243480097138634 0.225357193792515
"14" 7000000.5 1.05410055313385 22.2322880371661 17.1975708512913 74 0.292530105752185 0.226283826990675
"15" 7500000.5 1.14559534937751 26.9186991869919 20.4511653366707 88 0.302457294235864 0.229788374569334
"16" 8000000.5 1.34833754280406 29.0116144018583 21.1483641549663 91 0.315343634802808 0.229873523423547
"17" 8500000.5 0.837512408965032 24.0418118466899 19.5215669122766 84 0.286212045793927 0.232399606098531
"18" 9000000.5 -0.0121184605665684 13.8966318234611 13.9439763659119 60 0.227813636450182 0.228589776490358
"19" 9500000.5 -0.141785019890452 16.0731707317073 16.7327716390942 72 0.220180420982292 0.229216049850606
"20" 10000000.5 0.282467355625171 25.2950058072009 23.4723602159516 101 0.250445602051494 0.232399606098531
"21" 10500000.5 -0.0736786982577835 23.9082462253194 24.4019586403458 105 0.22769758309828 0.232399606098531
"22" 11000000.5 -0.288461317036264 19.6806039488966 21.3807637610649 92 0.209368127115922 0.22745493362835
"23" 11500000.5 0.211890350033468 26.0673635307782 24.6343582464443 106 0.241364477136835 0.228095909689299
"24" 12000000.5 0.332644209176114 29.1614401858304 26.7259547013311 115 0.253577740746352 0.232399606098531
"25" 12500000.5 0.168952197758304 16.3042973286876 15.5707736086016 67 0.243347721323695 0.232399606098531
"26" 13000000.5 0.337253447089195 16.7816492450639 15.3383740025031 66 0.254267412803998 0.232399606098531
"27" 13500000.5 0.742121139072961 30.2102206736353 25.0991574586414 108 0.279724265496623 0.232399606098531
"28" 14000000.5 0.246061737021259 24.3170731707317 22.775161397656 98 0.245627001724563 0.230052135329859
"29" 14500000.5 -0.912213778970196 14.5981416957027 19.5215669122766 84 0.169745833670961 0.22699496409624
"30" 15000000.5 -0.87839854359947 14.602787456446 19.2891673061781 83 0.1717974994876 0.226931380072683
"31" 15500000.5 0.0912020253074389 19.061556329849 18.5919684878825 80 0.229657305178904 0.223999620335934
"32" 16000000.5 0.404623608012616 20.1602787456446 18.1271692756854 78 0.252003484320558 0.226589615946068
"33" 16500000.5 -0.524064642818774 12.0963995354239 14.1763759720104 61 0.198301631728261 0.232399606098531
"34" 17000000.5 0.10968989280072 18.917537746806 18.359568881784 79 0.239462503124127 0.232399606098531
"35" 17500000.5 0.611858682971327 24.7166085946574 21.1483641549663 91 0.271611083457773 0.232399606098531
"36" 18000000.5 0.246478236433773 21.3472706155633 19.9863661244737 86 0.239856973208576 0.22456591151094
"37" 18500000.5 0.0867354884780419 18.3252032520325 17.8947696695869 77 0.229065040650407 0.223684620869836
"38" 19000000.5 -0.302436759282328 16.8211382113821 18.359568881784 79 0.193346416222783 0.211029527376827
"39" 19500000.5 -0.302097272198086 23.0185830429733 25.0991574586414 108 0.196740026008319 0.214522713321721
"40" 20000000.5 0.234118836053565 25.2299651567944 23.7047598220502 102 0.240285382445661 0.225759617352859
"41" 20500000.5 0.0699978547477305 29.1324041811847 28.5851515501193 123 0.233059233449477 0.228681212400955
"42" 21000000.5 -0.311683262612665 30.6225319396051 33.4655432781885 144 0.212656471802813 0.232399606098531
"43" 21500000.5 -0.00251515195450732 27.8687572590012 27.8879527318237 120 0.226575262268302 0.226731323022957
"44" 22000000.5 0.309245955914616 19.9326364692218 18.359568881784 79 0.23729329130026 0.218566296211714
"45" 22500000.5 -0.359695156713467 10.8583042973287 12.0847795171236 52 0.197423714496885 0.219723263947702
"46" 23000000.5 -0.972514785364214 14.616724738676 19.9863661244737 86 0.166099144757681 0.227117796869019
"47" 23500000.5 -0.228163613622922 22.2183507549361 23.7047598220502 102 0.215712143251807 0.230143299243206
"48" 24000000.5 0.201374907572561 20.3635307781649 19.2891673061781 83 0.24534374431524 0.232399606098531
"49" 24500000.5 0.533092488512466 20.0092915214866 17.4299704573898 75 0.266790553619822 0.232399606098531
"50" 25000000.5 0.318335167307329 18.2137049941928 16.7327716390942 72 0.249502808139627 0.229216049850606
"51" 25500000.5 -0.623932937521427 11.5063879210221 13.9439763659119 60 0.18862931018069 0.228589776490358
"52" 26000000.5 0.123348849558554 35.7909407665505 34.6275413086811 149 0.240207656151346 0.232399606098531
"53" 26500000.5 -0.104892133276029 33.8641114982578 34.8599409147797 150 0.225760743321719 0.232399606098531
"54" 27000000.5 -0.497727673183322 12.2009291521487 14.1763759720104 61 0.196789179873366 0.228651225355006
"55" 27500000.5 0.724447837434939 17.883855981417 14.873574790306 64 0.270967514869954 0.225357193792515
"56" 28000000.5 -0.192512327359603 14.5145180023229 15.3383740025031 66 0.213448794151807 0.225564323566221
"57" 28500000.5 -1.12264051467262 11.0220673635308 16.0355728207986 69 0.157458105193297 0.229079611725695
"58" 29000000.5 -0.88343386341474 14.3983739837398 19.0567677000796 82 0.171409214092141 0.226866282143804
"59" 29500000.5 -1.09470901575953 14.7642276422764 21.1483641549663 91 0.158755135938456 0.227401765107165
"60" 30000000.5 -1.05250279833731 10.1660859465738 14.4087755781089 62 0.163969128170544 0.232399606098531
"61" 30500000.5 -0.488097179518563 10.8246225319396 12.5495787293207 54 0.200455972813696 0.232399606098531
"62" 31000000.5 0.362217359395651 20.2020905923345 18.359568881784 79 0.252526132404181 0.229494611022299
"63" 31500000.5 0.656167769020158 19.5121951219512 16.5003720329957 71 0.2636783124588 0.222978000445888
"64" 32000000.5 -0.67788422596554 18.527293844367 22.775161397656 98 0.179876639265699 0.221118071821903
"65" 32500000.5 -1.23226216695709 17.7038327526132 26.7259547013311 115 0.15003248095435 0.226491141536704
"66" 33000000.5 -1.31067276119725 8.37049941927991 13.2467775476163 57 0.141872871513219 0.224521653349428
"67" 33500000.5 -0.103631971554498 10.6016260162602 10.922781486631 47 0.216359714617554 0.222913907890428
"68" 34000000.5 0.271210359216779 12.5110336817654 11.6199803049266 50 0.250220673635308 0.232399606098531
"69" 34500000.5 0.31954182455904 15.6968641114983 14.4087755781089 62 0.249156573198385 0.228710723462047
"70" 35000000.5 0.0260997162941491 15.6840882694541 15.5707736086016 67 0.220902651682452 0.219306670543684
"71" 35500000.5 -1.02485288643925 11.458768873403 16.0355728207986 69 0.15484822801896 0.216696930010793
"72" 36000000.5 -0.863500795079423 15.9337979094077 20.9159645488678 90 0.17319345553704 0.227347440748563
"73" 36500000.5 -0.637427948243327 16.6596980255517 20.2187657305722 87 0.191490781902893 0.232399606098531
"74" 37000000.5 -0.84064567685915 11.9210220673635 15.5707736086016 67 0.177925702497963 0.232399606098531
"75" 37500000.5 -0.496443645480519 10.1904761904762 11.8523799110251 51 0.199813258636788 0.232399606098531
"76" 38000000.5 0.0228233193807142 12.1626016260163 12.0847795171236 52 0.225233363444746 0.223792213280067
"77" 38500000.5 -0.0558518492996275 13.9547038327526 14.1763759720104 61 0.221503235440518 0.225021840825562
"78" 39000000.5 -0.358259907603462 11.4936120789779 12.7819783354192 55 0.208974765072326 0.232399606098531
"79" 39500000.5 0.273183876216509 7.52961672473868 6.97198818295593 30 0.250987224157956 0.232399606098531
"80" 40000000.5 2.55385826282453 84.513356562137 49.9659153111842 215 0.389462472636576 0.230257674245088
"81" 40500000.5 2.04023556487762 99.8234610917538 64.3746908892931 277 0.349033080740398 0.225086331780745
"82" 41000000.5 0.0956253747179696 25.281068524971 24.6343582464443 106 0.217940245904922 0.212365157296934
"83" 41500000.5 -0.120889739339819 20.8931475029036 21.6131633671634 93 0.217636953155246 0.225137118407952
"84" 42000000.5 -0.47802186012666 22.6178861788618 26.0287558830355 112 0.201945412311266 0.232399606098531
"85" 42500000.5 -0.864831524095822 12.5307781649245 16.5003720329957 71 0.169334840066547 0.222978000445888
"86" 43000000.5 0.149051245604399 14.0429732868757 13.4791771537148 58 0.230212676834028 0.220970117274013
"87" 43500000.5 -0.0489324742768713 15.5876887340302 15.8031732147001 68 0.219544911746904 0.222579904432396
"88" 44000000.5 -0.356968046840787 11.4982578397213 12.7819783354192 55 0.19488572609697 0.216643700600326
"89" 44500000.5 -0.0703996551812168 10.9326364692218 11.1551810927295 48 0.218652729384437 0.22310362185459
"90" 45000000.5 0.222079964851259 12.595818815331 11.8523799110251 51 0.242227284910212 0.227930382904329
"91" 45500000.5 0.429626290980537 15.8815331010453 14.1763759720104 61 0.256153759694279 0.228651225355006
"92" 46000000.5 0.901058047455126 17.7526132404181 14.1763759720104 61 0.281787511752669 0.225021840825562
"93" 46500000.5 0.741352419008936 16.2833914053426 13.4791771537148 58 0.27138985675571 0.224652952561913
"94" 47000000.5 0.825164064858626 19.1533101045296 15.5707736086016 67 0.277584204413473 0.225663385631907
"95" 47500000.5 0.7837254870408 25.1567944250871 20.6835649427693 89 0.276448290385573 0.227291922448014
"96" 48000000.5 0.28024867900905 19.7851335656214 18.359568881784 79 0.247314169570267 0.229494611022299
"97" 48500000.5 0.0240553113514038 12.4006968641115 12.3171791232222 53 0.233975412530406 0.232399606098531
"98" 49000000.5 -0.109914386106812 15.5447154471545 16.0355728207986 69 0.222067363530778 0.229079611725695
"99" 49500000.5 -0.217543049281733 13.0940766550523 13.9439763659119 60 0.214656994345119 0.228589776490358
"100" 50000000.5 -0.301383485338761 6.99767711962834 7.66918700125153 33 0.199933631989381 0.219119628607186
"101" 50500000.5 -0.178344734022862 9.7061556329849 10.2255826683354 44 0.206513949637977 0.217565588687987
"102" 51000000.5 0.179477134859769 13.4274099883856 12.7819783354192 55 0.235568596287467 0.224245233954723
"103" 51500000.5 0.666834251949691 12.7154471544715 10.6903818805324 46 0.259498921519827 0.218171058786376
"104" 52000000.5 -0.334821241569966 7.13472706155633 7.90158660735006 34 0.198186862821009 0.219488516870835
"105" 52500000.5 -0.829410088429385 11.9698025551684 15.5707736086016 67 0.178653769480126 0.232399606098531
"106" 53000000.5 -0.42529404995496 16.8141695702671 19.0567677000796 82 0.205050848417892 0.232399606098531
"107" 53500000.5 -0.301072010290618 13.8362369337979 15.1059743964045 65 0.212865183596891 0.232399606098531
"108" 54000000.5 -0.913161396826675 12.3089430894309 16.5003720329957 71 0.173365395625787 0.232399606098531
"109" 54500000.5 -0.783265799615997 13.4564459930314 17.1975708512913 74 0.179419279907085 0.229300944683884
"110" 55000000.5 -0.295852359950716 16.212543554007 17.6623700634884 76 0.210552513688402 0.229381429395953
"111" 55500000.5 -0.193078611377246 15.3937282229965 16.2679724268972 70 0.216813073563331 0.229126372209819
"112" 56000000.5 -0.384993368142339 17.4436701509872 19.5215669122766 84 0.200501955758474 0.224385826577892
"113" 56500000.5 -0.120637057013748 20.4448315911731 21.1483641549663 91 0.219836898829818 0.227401765107165
"114" 57000000.5 0.128844542194407 17.3321718931475 16.7327716390942 72 0.240724609627049 0.232399606098531
"115" 57500000.5 -0.385993766450998 14.1033681765389 15.8031732147001 68 0.207402473184396 0.232399606098531
"116" 58000000.5 -0.786511750430036 9.95354239256678 12.7819783354192 55 0.174623550746786 0.224245233954723
"117" 58500000.5 -0.386271968076221 12.2264808362369 13.7115767598133 59 0.197201303810273 0.221154463867957
"118" 59000000.5 -0.178344902531415 15.6817653890825 16.5003720329957 71 0.211915748501114 0.222978000445888
"119" 59500000.5 -0.220205664670788 13.739837398374 14.6411751842075 63 0.211382113821138 0.225248848987807
"120" 60000000.5 -0.294252967404874 9.15447154471545 9.99318306223684 43 0.212894687086406 0.232399606098531
"121" 60500000.5 -1.01760343187264 6.58536585365854 9.29598424394124 40 0.160618679357525 0.226731323022957
"122" 61000000.5 -0.457731381060828 13.787456445993 15.8031732147001 68 0.191492450638792 0.219488516870835
"123" 61500000.5 -0.15306360854936 15.5749128919861 16.2679724268972 70 0.213354971123097 0.222848937354756
"124" 62000000.5 -0.235974777936349 13.0220673635308 13.9439763659119 60 0.217034456058846 0.232399606098531
"125" 62500000.5 -0.211630621783366 9.17073170731707 9.76078345613831 42 0.208425720620843 0.221835987639507
"126" 63000000.5 -0.128232523639344 12.0963995354239 12.5495787293207 54 0.212217535709192 0.220168047882819
"127" 63500000.5 -0.516592886832228 12.3263646922184 14.4087755781089 62 0.195656582416164 0.228710723462047
"128" 64000000.5 -0.939944978798035 4.53193960511034 6.27478936466034 27 0.167849615004087 0.232399606098531
"129" 64500000.5 -0.862342595767667 7.17770034843206 9.52838385003978 41 0.175065862156879 0.232399606098531
"130" 65000000.5 -1.04735777465567 8.0116144018583 11.387580698828 49 0.163502334731802 0.232399606098531
"131" 65500000.5 -1.08627928574969 5.57839721254355 8.13398621344859 35 0.159382777501244 0.232399606098531
"132" 66000000.5 -1.0312679182102 5.20325203252033 7.436787395153 32 0.16260162601626 0.232399606098531
"133" 66500000.5 -1.00837810959018 3.89663182346109 5.57759054636475 24 0.162359659310879 0.232399606098531
"134" 67000000.5 -1.03108627393116 8.4006968641115 11.8523799110251 51 0.161551862771375 0.227930382904329
"135" 67500000.5 -0.511263260465315 11.144018583043 13.0143779415177 56 0.192138251431775 0.224385826577892
"136" 68000000.5 0.513673760303836 7.75609756097561 6.7395885768574 29 0.258536585365854 0.224652952561913
"137" 68500000.5 -0.333122176565484 4.81068524970964 5.34519094026622 23 0.209160228248245 0.232399606098531
"138" 69000000.5 -0.9606185656096 7.60046457607433 10.4579822744339 45 0.168899212801652 0.232399606098531
"139" 69500000.5 -0.765618441077228 11.6922183507549 14.873574790306 64 0.179880282319307 0.228824227543169
"140" 70000000.5 -0.461043296339233 13.5691056910569 15.5707736086016 67 0.196653705667491 0.225663385631907
"141" 70500000.5 -0.531493496123549 13.6620209059233 16.0355728207986 69 0.195171727227476 0.229079611725695
"142" 71000000.5 -0.906211826575563 11.1080139372822 14.873574790306 64 0.170892522112034 0.228824227543169
"143" 71500000.5 -0.62139142931353 12.2915214866434 14.873574790306 64 0.189100330563745 0.228824227543169
"144" 72000000.5 -0.914976674666104 12.4761904761905 16.7327716390942 72 0.170906718851924 0.229216049850606
"145" 72500000.5 -1.21517587385458 8.88269454123113 13.4791771537148 58 0.145617943298871 0.220970117274013
"146" 73000000.5 0.143947871881861 10.8861788617886 10.4579822744339 45 0.22679539295393 0.217874630717373
"147" 73500000.5 -0.575588862863569 11.3019744483159 13.4791771537148 58 0.188366240805265 0.224652952561913
"148" 74000000.5 -1.28361166297824 6.33449477351916 9.99318306223684 43 0.143965790307254 0.227117796869019
"149" 74500000.5 -0.578966685220181 7.75377468060395 9.29598424394124 40 0.193844367015099 0.232399606098531
"150" 75000000.5 -0.918981224433007 12.2822299651568 16.5003720329957 71 0.163763066202091 0.220004960439943
"151" 75500000.5 -1.1464141905549 10.5934959349593 15.5707736086016 67 0.143155350472424 0.210415859575697
"152" 76000000.5 -1.53603195251855 5.20441347270616 9.29598424394124 40 0.118282124379685 0.211272369180483
"153" 76500000.5 -1.29886191502094 3.8664343786295 6.27478936466034 27 0.138086942093911 0.224099620166441
"154" 77000000.5 -1.49907247188387 8.50522648083624 14.6411751842075 63 0.130849638166711 0.225248848987807
"155" 77500000.5 -1.3296590042305 10.0975609756098 16.0355728207986 69 0.138322753090545 0.219665381106831
"156" 78000000.5 -0.501979152824278 6.34959349593496 7.436787395153 32 0.18675274988044 0.218729041033912
"157" 78500000.5 -0.256732860736773 6.66434378629501 7.20438778905446 31 0.208260743321719 0.225137118407952
"158" 79000000.5 0.572257355466458 4.11730545876887 3.48599409147797 15 0.257331591173055 0.217874630717373
"159" 80000000.5 -1.3384992040804 0.977932636469222 1.85919684878825 8 0.122241579558653 0.232399606098531
"160" 80500000.5 -0.448938038432646 4.62485481997677 5.34519094026622 23 0.201080644346816 0.232399606098531
"161" 81000000.5 -0.700395407325586 5.9198606271777 7.436787395153 32 0.179389715975082 0.225357193792515
"162" 81500000.5 -1.17399179674983 5.0534262485482 7.66918700125153 33 0.144383607101377 0.219119628607186
"163" 82000000.5 -1.30047131299716 4.16608594657375 6.7395885768574 29 0.138869531552458 0.224652952561913
"164" 82500000.5 0.347315147540652 9.71312427409988 8.83118503174418 38 0.249054468566664 0.226440641839594
"165" 83000000.5 0.353943647806571 50.6840882694541 46.2475216136077 199 0.249675311672188 0.227820303515309
"166" 83500000.5 0.149580439719673 46.9140534262486 45.085523583115 194 0.236939663768932 0.227704664561187
"167" 84000000.5 0.383386350369397 8.267131242741 7.436787395153 32 0.250519128567909 0.225357193792515
"168" 84500000.5 1.80828754059491 8.93728222996516 5.80999015246328 25 0.357491289198606 0.232399606098531
"169" 85000000.5 2.50665186615808 8.19976771196283 4.64799212197062 20 0.409988385598142 0.232399606098531
"170" 85500000.5 1.43551303811762 4.74680603948897 3.25359448537944 14 0.339057574249212 0.232399606098531
"171" 86000000.5 0.534511274869338 2.74448315911731 2.32399606098531 10 0.274448315911731 0.232399606098531
"172" 86500000.5 0.77094489563898 18.6376306620209 15.3383740025031 66 0.266251866600299 0.219119628607186
"173" 87000000.5 0.741630813653623 19.6260162601626 16.2679724268972 70 0.265216435948143 0.21983746522834
"174" 87500000.5 0.0627850670091164 8.51800232288037 8.36638581954712 36 0.236611175635566 0.232399606098531
"175" 88000000.5 -0.28269497867426 11.5505226480836 12.5495787293207 54 0.202640748211993 0.220168047882819
"176" 88500000.5 0.615487765177707 14.7247386759582 12.5495787293207 54 0.258328748701021 0.220168047882819
"177" 89000000.5 1.70807680483518 35.1707317073171 23.9371594281487 103 0.338180112570356 0.23016499450143
"178" 89500000.5 1.71060127849884 26.7224157955865 18.1271692756854 78 0.338258427792235 0.229457838932727
"179" 90000000.5 -0.252794026282017 10.1393728222997 10.922781486631 47 0.215731336644673 0.232399606098531
"180" 90500000.5 -0.87521629711573 14.2636469221835 18.824368093981 81 0.169805320502185 0.224099620166441
"181" 91000000.5 -1.513487450547 5.95586527293844 10.4579822744339 45 0.121548270876295 0.213428209682325
"182" 91500000.5 -0.880555697273617 13.8803716608595 18.359568881784 79 0.165242519772136 0.218566296211714
"183" 92000000.5 -0.239141388404102 23.2346109175377 24.8667578525428 107 0.209320819076917 0.224024845518404
"184" 92500000.5 0.382509233955839 11.595818815331 10.4579822744339 45 0.252083017724587 0.227347440748563
"185" 93000000.5 -1.13432651920597 2.23461091753775 3.48599409147797 15 0.139663182346109 0.217874630717373
"186" 93500000.5 -1.17116165556048 1.87688734030197 3.0211948792809 13 0.144375949253998 0.232399606098531
"187" 94000000.5 -0.385307161550195 2.43670150987224 2.78879527318237 12 0.20305845915602 0.232399606098531
"188" 94500000.5 0.824804959712263 5.24854819976771 4.18319290977356 18 0.291586011098206 0.232399606098531
"189" 95000000.5 0.879817490561761 9.62950058072009 7.66918700125153 33 0.291803047900609 0.232399606098531
"190" 95500000.5 0.0444261843915743 6.59233449477352 6.50718897075887 28 0.227321879130121 0.224385826577892
"191" 96000000.5 -1.08285197528842 3.93728222996516 5.80999015246328 25 0.151433931921737 0.223461159710126
"192" 96500000.5 -0.847128405003854 4.34494773519164 5.80999015246328 25 0.173797909407666 0.232399606098531
"193" 97000000.5 -0.685948977310288 7.65853658536585 9.52838385003978 41 0.186793575252826 0.232399606098531
"194" 97500000.5 -0.450687365761125 9.32171893147503 10.6903818805324 46 0.198334445350533 0.22745493362835
"195" 98000000.5 -0.748498598897268 4.32984901277584 5.57759054636475 24 0.173193960511034 0.22310362185459
"196" 98500000.5 -0.238207689719819 5.61556329849013 6.04238975856181 26 0.215983203788082 0.232399606098531
"197" 99000000.5 0.259221248229296 24.3995354239257 22.775161397656 98 0.248974851264548 0.232399606098531
"198" 99500000.5 0.165662257503015 19.9303135888502 19.0567677000796 82 0.243052604742075 0.232399606098531
"199" 100500000.5 -1.50280794111395 1.55284552845528 3.0211948792809 13 0.119449656035022 0.232399606098531
"200" 101000000.5 1.61608382101284 21.588850174216 14.873574790306 64 0.337325783972125 0.232399606098531
"201" 101500000.5 2.19527717231141 20.3077816492451 12.5495787293207 54 0.376070030541575 0.232399606098531
"202" 102000000.5 -0.548208550403325 1.49825783972125 1.85919684878825 8 0.187282229965157 0.232399606098531
"203" 102500000.5 -1.09247031539113 1.46457607433217 2.32399606098531 10 0.146457607433217 0.232399606098531
"204" 103000000.5 -1.00685937619806 1.19628339140534 1.85919684878825 8 0.149535423925668 0.232399606098531
"205" 103500000.5 0.171673529784635 17.0452961672474 16.2679724268972 70 0.233497207770512 0.222848937354756
"206" 104000000.5 0.197827170125201 18.6318234610918 17.6623700634884 76 0.232897793263647 0.220779625793605
"207" 104500000.5 0.104767973720818 8.85830429732869 8.59878542564565 37 0.233113270982334 0.226283826990675
"208" 105000000.5 -0.125574017530506 7.83855981416957 8.13398621344859 35 0.217737772615821 0.225944061484683
"209" 105500000.5 1.17699705410827 5.39721254355401 3.95079330367503 17 0.299845141308556 0.219488516870835
"210" 106000000.5 1.22795792906579 14.7282229965157 10.922781486631 47 0.313366446734376 0.232399606098531
"211" 106500000.5 0.846384731088863 11.5505226480836 9.29598424394124 40 0.288763066202091 0.232399606098531
"212" 107000000.5 -0.245045073496098 7.55749128919861 8.13398621344859 35 0.215928322548532 0.232399606098531
"213" 107500000.5 -0.534283458654965 7.67363530778165 9.06358463784271 39 0.196759879686709 0.232399606098531
"214" 108000000.5 -1.37487111191062 0.81068524970964 1.62679724268972 7 0.115812178529949 0.232399606098531
"215" 108500000.5 -1.28215468151859 2.37514518002323 3.95079330367503 17 0.139714422354308 0.232399606098531
"216" 109000000.5 -1.0285866174737 5.20905923344948 7.436787395153 32 0.15320762451322 0.218729041033912
"217" 109500000.5 -0.316272870761758 3.7746806039489 4.18319290977356 18 0.188734030197445 0.209159645488678
"218" 110000000.5 -0.828817102731101 2.21138211382114 3.0211948792809 13 0.157955865272938 0.21579963423435
"219" 110500000.5 -0.663877772336331 3.70731707317073 4.64799212197062 20 0.176538908246225 0.221332958189077
"220" 111000000.5 0.383380171893393 22.6155632984901 20.4511653366707 88 0.256995037482842 0.232399606098531
"221" 111500000.5 0.481812646134908 39.1718931475029 34.6275413086811 149 0.254362942516253 0.224854164342085
"222" 112000000.5 0.563225431542495 27.3739837398374 23.7047598220502 102 0.253462812405902 0.219488516870835
"223" 112500000.5 -0.288891676331862 12.815331010453 13.9439763659119 60 0.210087393613983 0.228589776490358
"224" 113000000.5 -0.6337704450544 9.53774680603949 11.6199803049266 50 0.173413578291627 0.211272369180483
"225" 113500000.5 -0.587846480870968 9.10104529616725 10.922781486631 47 0.165473550839405 0.198596027029654
"226" 114000000.5 -1.21311781852429 6.53542392566783 9.99318306223684 43 0.142074433166692 0.217243110048627
"227" 114500000.5 -1.19910349581297 5.7862950058072 8.83118503174418 38 0.152270921205453 0.232399606098531
"228" 115000000.5 -0.210974725558958 10.9268292682927 11.6199803049266 50 0.218536585365854 0.232399606098531
"229" 115500000.5 0.0697710006138611 12.0859465737515 11.8523799110251 51 0.23242204949522 0.227930382904329
"230" 116000000.5 -0.407202987457239 9.66085946573751 10.922781486631 47 0.201267905536198 0.227557947638145
"231" 116500000.5 -0.362741201887771 10.2183507549361 11.387580698828 49 0.2085377705089 0.232399606098531
"232" 117000000.5 -0.602955836872047 9.83391405342625 11.8523799110251 51 0.185545548177854 0.223629809641983
"233" 117500000.5 -0.44427504758308 19.1718931475029 21.8455629732619 94 0.197648382963947 0.225211989415071
"234" 118000000.5 -0.337437175972665 31.2334494773519 34.3951417025826 148 0.209620466290952 0.230839877198541
"235" 118500000.5 -0.337365320934389 23.198606271777 25.5639566708384 110 0.210896420652518 0.232399606098531
"236" 119000000.5 -0.635568690262288 9.72473867595819 11.8523799110251 51 0.183485635395437 0.223629809641983
"237" 119500000.5 -1.07619002743267 7.25667828106852 10.4579822744339 45 0.148095475123847 0.213428209682325
"238" 120000000.5 -0.448002669913755 10.9663182346109 12.5495787293207 54 0.195827111332338 0.224099620166441
"239" 120500000.5 -0.302863362725547 14.8966318234611 16.2679724268972 70 0.212809026049444 0.232399606098531
"240" 121000000.5 -0.80961405167218 12.0557491289199 15.5707736086016 67 0.174721001868404 0.225663385631907
"241" 121500000.5 -0.947176323663446 10.7642276422764 14.6411751842075 63 0.165603502188868 0.225248848987807
"242" 122000000.5 -0.7370195314067 11.9976771196283 15.1059743964045 65 0.181782986661035 0.228878399945523
"243" 122500000.5 -0.96749203830794 9.99186991869919 13.7115767598133 59 0.163801146208183 0.224779946882186
"244" 123000000.5 -0.657219143117457 15.7828106852497 19.2891673061781 83 0.17733495151966 0.216732216923349
"245" 123500000.5 -0.347299334743874 25.869918699187 28.5851515501193 123 0.197480295413641 0.218207263741369
"246" 124000000.5 -0.215477300496776 21.862950058072 23.2399606098531 100 0.212261651049243 0.225630685532554
"247" 124500000.5 0.433902357645508 22.3821138211382 19.9863661244737 86 0.260257137455095 0.232399606098531
"248" 125000000.5 0.632167908428788 29.4529616724739 25.0991574586414 108 0.272712608078462 0.232399606098531
"249" 125500000.5 0.111516492920755 18.9268292682927 18.359568881784 79 0.23081499107674 0.22389718148517
"250" 126000000.5 -1.20105716443298 10.0406504065041 15.1059743964045 65 0.141417611359212 0.212760202766261
"251" 126500000.5 -1.28440621882463 10.2996515679443 16.0355728207986 69 0.143050716221448 0.222716289177759
"252" 127000000.5 -0.751171322427491 11.0092915214866 13.9439763659119 60 0.183488192024777 0.232399606098531
"253" 127500000.5 -1.00891198929539 11.1904761904762 15.5707736086016 67 0.159863945578231 0.222439622980023
"254" 128000000.5 -1.23717008380806 9.57723577235772 14.6411751842075 63 0.145109632914511 0.221835987639507
"255" 128500000.5 -1.03834954630426 9.88734030197445 13.9439763659119 60 0.162087545934007 0.228589776490358
"256" 129000000.5 -0.762748418411403 9.66898954703833 12.3171791232222 53 0.175799809946151 0.223948711331312
"257" 129500000.5 -0.0837195035075513 8.39140534262486 8.59878542564565 37 0.215164239554483 0.220481677580658
"258" 130000000.5 0.192656110586291 12.98606271777 12.3171791232222 53 0.240482642921667 0.228095909689299
"259" 130500000.5 0.26075267529508 15.7084785133566 14.6411751842075 63 0.245444976771196 0.228768362253242
"260" 131000000.5 0.608310671339658 18.4819976771196 15.8031732147001 68 0.260309826438305 0.222579904432396
"261" 131500000.5 0.383303945447523 19.2845528455285 17.4299704573898 75 0.244108263867449 0.220632537435314
"262" 132000000.5 -0.175518793800766 19.6817653890825 20.6835649427693 89 0.213932232490027 0.224821358073579
"263" 132500000.5 0.246544484118203 18.3751451800232 17.1975708512913 74 0.245001935733643 0.229300944683884
"264" 133000000.5 0.8635363993816 13.0267131242741 10.4579822744339 45 0.289482513872758 0.232399606098531
"265" 133500000.5 0.994057520123325 11.3554006968641 8.83118503174418 38 0.298826334128003 0.232399606098531
"266" 134000000.5 0.246335652806231 16.3925667828107 15.3383740025031 66 0.24837222398198 0.232399606098531
"267" 134500000.5 -0.1322768684271 24.1881533101045 25.0991574586414 108 0.223964382500968 0.232399606098531
"268" 135000000.5 -0.0393669491681847 22.9883855981417 23.2399606098531 100 0.229883855981417 0.232399606098531
"269" 135500000.5 0.263553641760657 39.1033681765389 36.4867381574694 157 0.247489672003411 0.230928722515629
"270" 136000000.5 0.563755688647582 39.4099883855981 34.1627420964841 147 0.266283705308096 0.230829338489757
"271" 136500000.5 0.591891847935886 18.1405342624855 15.5707736086016 67 0.270754242723664 0.232399606098531
"272" 137000000.5 -0.356712832348558 14.0220673635308 15.5707736086016 67 0.209284587515385 0.232399606098531
"273" 137500000.5 -0.302752269159764 18.31475029036 19.9863661244737 86 0.212962212678605 0.232399606098531
"274" 138000000.5 -0.00505939937185966 16.2450638792102 16.2679724268972 70 0.228803716608595 0.229126372209819
"275" 138500000.5 -0.0031119470779221 11.609756097561 11.6199803049266 50 0.227642276422764 0.227842751076991
"276" 139000000.5 -0.278967749024846 11.1335656213705 12.0847795171236 52 0.206177141136491 0.223792213280067
"277" 139500000.5 0.394231345126037 10.3461091753775 9.29598424394124 40 0.240607190125057 0.216185680091657
"278" 140000000.5 1.2136023142108 11.9128919860627 8.83118503174418 38 0.305458768873403 0.226440641839594
"279" 140500000.5 0.313965254850484 9.88037166085947 9.06358463784271 39 0.253342863098961 0.232399606098531
"280" 141000000.5 0.878976939418618 21.9698025551684 17.6623700634884 76 0.285322111106083 0.229381429395953
"281" 141500000.5 0.419980811848639 23.3391405342625 20.9159645488678 90 0.253686310155027 0.227347440748563
"282" 142000000.5 -1.01715124099362 10.1393728222997 14.1763759720104 61 0.163538271327414 0.228651225355006
"283" 142500000.5 -0.726247618568502 22.1579558652729 27.6555531257252 119 0.184649632210608 0.230462942714377
"284" 143000000.5 -0.948050650511898 22.7351916376307 30.6767480050061 132 0.170941290508501 0.230652240639144
"285" 143500000.5 -0.147142139108637 16.4947735191638 17.1975708512913 74 0.21993031358885 0.229300944683884
"286" 144000000.5 1.06744046781952 17.5168408826945 13.4791771537148 58 0.291947348044909 0.224652952561913
"287" 144500000.5 0.372357686633542 11.5656213704994 10.4579822744339 45 0.246077050436158 0.222510261158168
"288" 145000000.5 0.13238328445019 17.1080139372822 16.5003720329957 71 0.237611304684475 0.229171833791607
"289" 145500000.5 0.184109856217242 19.0522648083624 18.1271692756854 78 0.244259805235415 0.232399606098531
"290" 146000000.5 -0.475307377039751 13.3042973286876 15.3383740025031 66 0.19857160192071 0.22893095526124
"291" 146500000.5 -0.955121358187956 10.7317073170732 14.6411751842075 63 0.167682926829268 0.228768362253242
"292" 147000000.5 -0.588289837535677 8.51219512195122 10.2255826683354 44 0.189159891598916 0.227235170407453
"293" 147500000.5 -0.108801733528457 15.3240418118467 15.8031732147001 68 0.222087562490532 0.229031495865219
"294" 148000000.5 -0.364966486941091 18.6004645760743 20.6835649427693 89 0.208993984000835 0.232399606098531
"295" 148500000.5 -0.929082159252041 11.3623693379791 15.3383740025031 66 0.16231956197113 0.219119628607186
"296" 149000000.5 -0.797022089588394 9.732868757259 12.5495787293207 54 0.159555225528836 0.205730798841323
"297" 149500000.5 -0.503339200848769 12.3797909407666 14.4087755781089 62 0.187572590011614 0.218314781486499
"298" 150000000.5 -0.372841978806843 11.650406504065 13.0143779415177 56 0.200869077656294 0.224385826577892
"299" 150500000.5 -0.0989333618388147 14.6887340301974 15.1059743964045 65 0.222556576215113 0.228878399945523
"300" 151000000.5 0.530829591744559 20.794425087108 18.1271692756854 78 0.266595193424462 0.232399606098531
"301" 151500000.5 0.412789884373332 19.68524970964 17.6623700634884 76 0.259016443547894 0.232399606098531
"302" 152000000.5 -0.496191463940245 14.6260162601626 16.9651712451928 73 0.200356387125515 0.232399606098531
"303" 152500000.5 -0.516045298833835 16.7363530778165 19.5215669122766 84 0.199242298545434 0.232399606098531
"304" 153000000.5 -0.715790527821648 18.8536585365854 23.4723602159516 101 0.186669886500845 0.232399606098531
"305" 153500000.5 -0.830165594440708 12.6898954703833 16.5003720329957 71 0.176248548199768 0.229171833791607
"306" 154000000.5 0.0471375636276083 12.4808362369338 12.3171791232222 53 0.226924295216978 0.223948711331312
"307" 154500000.5 -0.413486955207794 11.2950058072009 12.7819783354192 55 0.201696532271445 0.228249613132486
"308" 155000000.5 -0.796520876930997 13.5760743321719 17.4299704573898 75 0.181014324428959 0.232399606098531
"309" 155500000.5 -0.0702593964383417 22.1068524970964 22.5427617915575 97 0.227905695846355 0.232399606098531
"310" 156000000.5 0.388547366848838 17.0011614401858 15.3383740025031 66 0.239452978030786 0.216033436654973
"311" 156500000.5 -0.708995821250264 14.3763066202091 17.8947696695869 77 0.173208513496495 0.215599634573336
"312" 157000000.5 -0.178741492203825 26.5238095238095 27.8879527318237 120 0.21564072783585 0.226731323022957
"313" 157500000.5 0.422085055190507 32.6608594657375 29.2823503684149 126 0.25318495709874 0.22699496409624
"314" 158000000.5 0.326856206794133 27.0975609756098 24.8667578525428 107 0.250903342366757 0.230247757893915
"315" 158500000.5 0.430883430355398 21.0696864111498 18.824368093981 81 0.256947395257925 0.229565464560744
"316" 159000000.5 0.0779527157151001 18.7560975609756 18.359568881784 79 0.234451219512195 0.229494611022299
"317" 159500000.5 0.0376727790857415 23.7154471544715 23.4723602159516 101 0.234806407470015 0.232399606098531
"318" 160000000.5 0.0999187637621165 25.3101045296167 24.6343582464443 106 0.23877457103412 0.232399606098531
"319" 160500000.5 -0.318870518782906 20.7770034843206 22.775161397656 98 0.207770034843206 0.22775161397656
"320" 161000000.5 -0.113042705890003 24.0952380952381 24.8667578525428 107 0.215136054421769 0.222024623683418
"321" 161500000.5 0.421736718471552 23.8664343786295 21.3807637610649 92 0.243535044679893 0.218171058786376
"322" 162000000.5 0.955375693723662 18.5516840882695 14.6411751842075 63 0.281086122549537 0.221835987639507
"323" 162500000.5 0.302822225612227 17.3879210220674 16.0355728207986 69 0.251998855392281 0.232399606098531
"324" 163000000.5 0.565853648730828 24.4483159117305 21.1483641549663 91 0.268662812216819 0.232399606098531
"325" 163500000.5 0.611860057880431 27.4204413472706 23.4723602159516 101 0.26882785634579 0.230121178587761
"326" 164000000.5 -0.131256334296602 21.2799070847851 22.0779625793605 95 0.21714190902842 0.225285332442454
"327" 164500000.5 0.355022291107588 29.0708478513357 26.4935550952325 114 0.2463631173842 0.224521653349428
"328" 165000000.5 0.677784804308028 25.924506387921 21.8455629732619 94 0.270046941540844 0.227557947638145
"329" 165500000.5 0.799262022471883 21.0150987224158 17.1975708512913 74 0.276514456873892 0.226283826990675
"330" 166000000.5 0.526299929996454 33.2299651567944 29.0499507623164 125 0.261653268951137 0.228739769782019
"331" 166500000.5 0.378290789111977 30.5191637630662 27.6555531257252 119 0.252224493909638 0.22855829029525
"332" 167000000.5 0.38500629164942 25.7003484320557 23.2399606098531 100 0.244765223162436 0.221332958189077
"333" 167500000.5 0.250398478865491 23.1045296167247 21.6131633671634 93 0.23576050629311 0.220542483338402
"334" 168000000.5 -0.275351881334578 17.1742160278746 18.5919684878825 80 0.204454952712792 0.221332958189077
"335" 168500000.5 -0.238329590442835 16.0592334494774 17.1975708512913 74 0.211305703282597 0.226283826990675
"336" 169000000.5 0.242974486713091 26.2775842044135 24.6343582464443 106 0.247901737777486 0.232399606098531
"337" 169500000.5 0.0316049056308925 25.082462253194 24.8667578525428 107 0.234415535076579 0.232399606098531
"338" 170000000.5 -0.2009368051529 8.76074332171893 9.29598424394124 40 0.219018583042973 0.232399606098531
"339" 170500000.5 -0.395292847722743 12.815331010453 14.4087755781089 62 0.19417168197656 0.218314781486499
"340" 171000000.5 -0.0304614721660169 23.0452961672474 23.2399606098531 100 0.221589386223533 0.223461159710126
"341" 171500000.5 0.512473138123928 13.5679442508711 11.8523799110251 51 0.2660381225661 0.232399606098531
"342" 172000000.5 -0.0782388380268297 1.35307781649245 1.39439763659119 6 0.225512969415408 0.232399606098531
