low_bound_TD upper_bound_TD mid_wind_TD Nmb_Positions_TD Nb_SNP_TD pop1 pop2 pop3 pop4 pop1+pop2+pop3+pop4
temp_spectre 0 1e+06 500000.5 96 96 -0.124714337116868 0.442511489501739 0.251982622761834 0.0336136742827569 0.0507986808721543
temp_spectre.1 5e+05 1500000 1000000.5 70 70 0.0139150988017188 0.851503440751827 0.267489395521991 -0.328622637503083 0.270340007636421
temp_spectre.2 1e+06 2e+06 1500000.5 64 64 0.16366068130435 1.03093687602555 1.18533538557081 0.140331589729623 1.03091901354079
temp_spectre.3 1500000 2500000 2000000.5 52 52 -0.123449225202538 0.321718582149316 1.47902271531866 0.410363182501723 0.744260658977754
temp_spectre.4 2e+06 3e+06 2500000.5 44 44 0.293200918042859 -0.978825965549392 0.870132624912739 0.876128868669187 -0.127699765009119
temp_spectre.5 2500000 3500000 3000000.5 46 46 0.43489630179875 -0.448443601912182 1.14866499254386 -0.00394473727911309 0.535271132000163
temp_spectre.6 3e+06 4e+06 3500000.5 45 45 1.27057225693824 -0.344673139461423 1.24463215647832 0.620666857953832 0.518383790423505
temp_spectre.7 3500000 4500000 4000000.5 41 41 1.67900156237311 -0.804255523168977 0.922160192836196 1.61734228443639 0.0379465728324352
temp_spectre.8 4e+06 5e+06 4500000.5 55 55 1.12980164955176 -0.333143088078006 -0.0972765756156247 0.671436832035594 -0.36342735065416
temp_spectre.9 4500000 5500000 5000000.5 104 104 -0.171868147341304 -0.0129302359471276 -0.373842253252771 -0.754072155982928 -0.45913673986354
temp_spectre.10 5e+06 6e+06 5500000.5 198 198 -0.313237767722315 -0.0602110673378659 0.0332444022177714 -0.540223229157707 -0.114358856056185
temp_spectre.11 5500000 6500000 6000000.5 398 398 -0.827479443658148 0.205278748730567 0.164062092934434 -1.03231218114574 -0.381217835599457
temp_spectre.12 6e+06 7e+06 6500000.5 313 313 -1.03389114848979 0.250384369146395 -0.0570283056702043 -1.29425600496193 -0.607794055181598
temp_spectre.13 6500000 7500000 7000000.5 76 76 0.0970953430009338 -0.402196887254914 -0.557749684651904 -0.204212943562822 -0.460848285890866
temp_spectre.14 7e+06 8e+06 7500000.5 97 97 0.302330955558747 0.248580809565422 0.64176119221777 0.557530908995671 0.413577728759537
temp_spectre.15 7500000 8500000 8000000.5 102 102 0.197814048732866 0.421651563292461 0.328856399484195 0.512541305463484 0.638638264636654
temp_spectre.16 8e+06 9e+06 8500000.5 283 283 -0.111291125005112 -0.546801389216117 -0.508458109975698 -0.24190456351249 -0.451250927501202
temp_spectre.17 8500000 9500000 9000000.5 394 394 -0.0728101180384057 -0.52892981635651 -0.435385991020714 -0.287310439059642 -0.491539594362788
temp_spectre.18 9e+06 1e+07 9500000.5 168 168 0.0908704342113795 -0.260564015662863 -0.298498035209859 -0.151917492217082 -0.352107916942933
temp_spectre.19 9500000 10500000 10000000.5 46 46 0.79572549321471 -0.422123375749502 0.00450806573348016 0.529175975468263 -0.289675524194988
temp_spectre.20 1e+07 1.1e+07 10500000.5 72 72 0.822104360708112 0.0637803146072135 -0.170137407618392 -0.19161824266678 -0.178484785228528
temp_spectre.21 10500000 11500000 11000000.5 83 83 0.840355279686477 0.0572942813682157 -0.0945709087540831 0.114084354082216 0.0659678336554232
temp_spectre.22 1.1e+07 1.2e+07 11500000.5 72 72 0.209236139873132 0.0704825896133602 0.152247134575621 0.260524806485901 0.23385071358669
temp_spectre.23 11500000 12500000 12000000.5 90 90 -0.50180094941726 -0.108908987303479 -0.684620761779351 0.0297721938962455 -0.280060608208228
temp_spectre.24 1.2e+07 1.3e+07 12500000.5 93 93 -0.625686341625349 0.164026222664329 -0.406582391951387 -0.388852239055114 0.167175325438459
temp_spectre.25 12500000 13500000 13000000.5 252 252 -0.22733105162293 0.204834832849182 0.205051393518025 0.542156874847955 0.0640830145942482
temp_spectre.26 1.3e+07 1.4e+07 13500000.5 279 279 0.0921603126873874 0.187339857355309 0.327457115236038 0.543546021681269 0.0346922938549037
temp_spectre.27 13500000 14500000 14000000.5 96 96 1.0637278095653 0.579696335565074 0.970261660373793 -0.0758626676856448 0.604447559086387
temp_spectre.28 1.4e+07 1.5e+07 14500000.5 31 31 2.08506699452508 0.876020444309961 0.647021799981575 0.411096701878398 0.83591794449792
temp_spectre.29 14500000 15500000 15000000.5 14 14 -0.127356262936775 1.05869912024812 0.0303660552112446 0.508085973155022 0.547846647172542
temp_spectre.30 1.5e+07 1.6e+07 15500000.5 58 58 0.281667409179984 -0.058835380473243 0.825394041454187 0.954864451293355 0.430309863975864
temp_spectre.31 15500000 16500000 16000000.5 85 85 0.0205830924372425 0.129712578679534 1.09768753223992 0.651785701793509 0.53815102228287
temp_spectre.32 1.6e+07 1.7e+07 16500000.5 63 63 -0.0364568167105102 0.615299015310923 0.290679915161131 -0.208598354318846 0.387136564968113
temp_spectre.33 16500000 17500000 17000000.5 67 67 0.611725162189497 0.647126471548127 0.135618085986943 0.496110013475679 0.538326627967006
temp_spectre.34 1.7e+07 1.8e+07 17500000.5 84 84 0.442802454252962 0.309471878679672 0.0666608217639781 0.366703231373201 0.155005604125052
temp_spectre.35 17500000 18500000 18000000.5 98 98 0.578143506545926 -0.0837571453271824 0.0974704684738259 -0.0895875980136738 -0.0441003055691249
temp_spectre.36 1.8e+07 1.9e+07 18500000.5 88 88 0.530661430010772 0.0214597781540144 0.589331707004043 0.141315910587709 0.297807499671793
temp_spectre.37 18500000 19500000 19000000.5 66 66 0.153198364163753 -0.0600205175034674 0.408821738613686 0.144325516653394 -0.218897442996231
temp_spectre.38 1.9e+07 2e+07 19500000.5 71 71 0.509772505422527 -0.360970604542807 0.0233950285089245 0.144466971971974 -0.419401826526255
temp_spectre.39 19500000 20500000 20000000.5 79 79 1.05652978430512 -0.573888164741777 0.317178461273173 0.181690251658402 -0.00543026587102425
temp_spectre.40 2e+07 2.1e+07 20500000.5 88 88 0.0913875220778199 -0.140580174208771 0.212902463870074 0.272557346502528 -0.0609881906884404
temp_spectre.41 20500000 21500000 21000000.5 73 73 -0.270991574728828 -0.126924447618057 -0.731868690796868 0.599763654347697 -0.516789723997706
temp_spectre.42 2.1e+07 2.2e+07 21500000.5 57 57 0.30157284459827 -1.04731934948185 -1.48199151714594 1.2598928506586 -1.23411797298507
temp_spectre.43 21500000 22500000 22000000.5 65 65 -0.580252556926299 -0.868394226369699 -0.31428047186355 0.292691970644538 -1.0581280655958
temp_spectre.44 2.2e+07 2.3e+07 22500000.5 86 86 0.0753152319318726 -0.570231185918694 0.242904644123439 0.315648005053964 -0.380162007213545
temp_spectre.45 22500000 23500000 23000000.5 95 95 0.378879509494542 -0.285470946031763 0.114134373128836 0.627118247566212 -0.300293710321376
temp_spectre.46 2.3e+07 2.4e+07 23500000.5 72 72 0.365631588584521 0.280741793516141 0.15322535872827 0.49787674526413 -0.139562762752036
temp_spectre.47 23500000 24500000 24000000.5 73 73 -0.0596061643123667 -0.588702198738849 -0.0669005837653121 0.671436832035594 -0.601905207088233
temp_spectre.48 2.4e+07 2.5e+07 24500000.5 70 70 0.221487749987919 -0.82699113034116 -0.068622501016672 0.212893363722545 -0.55385981534714
temp_spectre.49 24500000 25500000 25000000.5 58 58 0.622108088576939 -0.62464885510806 0.420809593109166 -0.0963383354821431 -0.269870446495309
temp_spectre.50 2.5e+07 2.6e+07 25500000.5 67 67 0.258600391454236 -0.96819519139982 0.36431180500051 0.460301770739905 -0.716915823863128
temp_spectre.51 25500000 26500000 26000000.5 56 56 0.973753091993992 -0.432067731062064 0.412174926806309 0.758299104164779 0.00256759785830767
temp_spectre.52 2.6e+07 2.7e+07 26500000.5 63 63 0.304908332525913 0.185129286705398 0.363201443816938 0.8331375866487 0.255290259900097
temp_spectre.53 26500000 27500000 27000000.5 73 73 -0.00135014973039524 0.685345759616358 0.21842858294807 0.30283578823508 0.578485722274757
temp_spectre.54 2.7e+07 2.8e+07 27500000.5 77 77 0.285934649386965 0.562682562371495 0.03591862021632 -0.283992628767265 0.223200496576648
temp_spectre.55 27500000 28500000 28000000.5 86 86 0.382084358098965 -0.233251451925262 -0.782994242097555 -0.0219922144866352 -0.981720796397706
temp_spectre.56 2.8e+07 2.9e+07 28500000.5 69 69 0.983554527337875 0.187927182954629 -0.13485181475966 -0.759741503116765 -0.308350450846338
temp_spectre.57 28500000 29500000 29000000.5 76 76 0.494655261643366 -0.125425784370205 0.0502074374986461 -0.376062902212125 0.0830067220913621
temp_spectre.58 2.9e+07 3e+07 29500000.5 79 79 0.165764496805267 -0.416200972488456 -0.588084984246798 0.0244803707497626 -0.288268228907783
temp_spectre.59 29500000 30500000 30000000.5 79 79 0.900687053735929 -0.616775952376275 -0.33109460578941 -0.0955448988944703 -0.36107790077746
temp_spectre.60 3e+07 3.1e+07 30500000.5 93 93 0.867441058775056 -0.349811761709464 0.146717318093372 0.419225850503979 0.162116957006285
temp_spectre.61 30500000 31500000 31000000.5 76 76 0.192877508682861 0.152132065831308 0.30797762959498 0.640188132832848 0.54149408948566
temp_spectre.62 3.1e+07 3.2e+07 31500000.5 58 58 0.456618300888073 0.320203315701958 0.333164623291047 0.240568504505889 0.531341072026477
temp_spectre.63 31500000 32500000 32000000.5 58 58 0.298609863608612 0.201383367825263 0.388350436795121 0.740185123437688 0.640871673338799
temp_spectre.64 3.2e+07 3.3e+07 32500000.5 66 66 -0.310178813826646 -0.659977585295492 0.252895564274975 1.44309054283721 -0.181656471325816
temp_spectre.65 32500000 33500000 33000000.5 61 61 -0.104233743335634 -0.362474056614183 0.0196698529211445 1.17047664678647 0.100230153550837
temp_spectre.66 3.3e+07 3.4e+07 33500000.5 56 56 0.141115649934037 -0.020670973314515 0.179038936629169 0.416010038842148 0.423144107953032
temp_spectre.67 33500000 34500000 34000000.5 55 55 0.936259385134679 -0.0134765216995894 0.67121491589202 -0.0513603878238127 0.386497822078347
temp_spectre.68 3.4e+07 3.5e+07 34500000.5 47 47 1.68586348711112 0.628213717538732 1.0585088576378 -0.585945206612883 1.05119743668596
temp_spectre.69 34500000 35500000 35000000.5 50 50 0.911748205974552 0.0892452967856701 0.133126077284449 -0.140722814522887 0.253053389091359
temp_spectre.70 3.5e+07 3.6e+07 35500000.5 60 60 0.273270346590942 -0.238199637957252 -0.988463484395725 1.15469028641867 -0.455966378007581
temp_spectre.71 35500000 36500000 36000000.5 67 67 0.818057345575062 -0.327801178316991 -0.692819923808531 0.801606897114193 -0.336352419807279
temp_spectre.72 3.6e+07 3.7e+07 36500000.5 64 64 0.67109247883167 -0.402241870584401 0.239481600749168 0.885067892700595 -0.291143472925341
temp_spectre.73 36500000 37500000 37000000.5 76 76 0.661781439844509 0.0233994916826463 1.89254696624424 1.31179490531699 0.109651799463492
temp_spectre.74 3.7e+07 3.8e+07 37500000.5 86 86 0.88816540186767 -0.00462460160793204 1.5021124286561 0.16912530432027 0.147391650791587
temp_spectre.75 37500000 38500000 38000000.5 73 73 0.0513159071313782 -0.0081564355306 0.242493114146449 -1.0813562157794 -0.132547663989031
temp_spectre.76 3.8e+07 3.9e+07 38500000.5 65 65 -0.927169217671246 -0.338463012496285 0.27491025714159 0.74706841095779 -0.160200403324958
temp_spectre.77 38500000 39500000 39000000.5 61 61 -0.756552065410291 -0.729886193515483 -0.123898875689285 0.914881198654564 -0.244893356317616
temp_spectre.78 3.9e+07 4e+07 39500000.5 83 83 0.733912380836115 0.0237756373251328 0.24364980113249 -0.421303839307547 0.0830649353648336
temp_spectre.79 39500000 40500000 40000000.5 100 100 1.33749199903985 0.656230529908538 0.625700829825623 -0.491687307833473 0.391920411357
temp_spectre.80 4e+07 4.1e+07 40500000.5 90 90 0.713768651965384 0.189441617394503 -0.079590304275695 -0.268524128396697 0.00517889847486242
temp_spectre.81 40500000 41500000 41000000.5 62 62 0.196284120718304 -0.05628529267754 -0.173297395356727 -0.0661935367431316 -0.126475055186784
temp_spectre.82 4.1e+07 4.2e+07 41500000.5 50 50 0.804658816542439 0.133498852103864 0.410410542134741 0.107366550028334 0.870564393681652
temp_spectre.83 41500000 42500000 42000000.5 61 61 1.02557340919691 -0.107162891767575 0.879940045972417 0.299160300269989 1.07155953139139
temp_spectre.84 4.2e+07 4.3e+07 42500000.5 49 49 0.597656909756461 0.0240952679034321 0.96479357018916 0.795417731651597 0.560809709457578
temp_spectre.85 42500000 43500000 43000000.5 42 42 -0.00527422026828762 -0.0613591999008829 0.235753645251716 0.312778161587699 -0.457405373604176
temp_spectre.86 4.3e+07 4.4e+07 43500000.5 81 81 -0.16207396144369 -0.342624399928809 -0.740087621331474 -0.500093753671794 -1.16496538341479
temp_spectre.87 43500000 44500000 44000000.5 84 84 -0.0068414936379347 -0.291117336596165 -0.530755678740607 -0.239753623514596 -0.698856380876617
temp_spectre.88 4.4e+07 4.5e+07 44500000.5 55 55 0.9098708367321 -0.0244476378673306 0.208671220938799 1.03884619818364 0.281355397168322
temp_spectre.89 44500000 45500000 45000000.5 57 57 0.287060100953894 0.121320223853567 0.480216614901669 1.09144114613307 -0.468378568237509
temp_spectre.90 4.5e+07 4.6e+07 45500000.5 68 68 -0.353069109716365 0.306317723143255 0.279392957683073 0.501113393966995 -0.382489807950873
temp_spectre.91 45500000 46500000 46000000.5 79 79 -0.552639692819326 -0.624423169533855 0.22200876096363 -0.155667477349642 -0.808404992532208
temp_spectre.92 4.6e+07 4.7e+07 46500000.5 59 59 0.0482405309465861 -0.783834959665042 0.432778266710137 -0.0296507864065919 -0.618575987942177
temp_spectre.93 46500000 47500000 47000000.5 49 49 0.812208816872195 -0.0340170252190961 0.846620688618012 0.608462117716834 -0.0228720402006477
temp_spectre.94 4.7e+07 4.8e+07 47500000.5 43 43 0.365424355267259 -0.499781371302053 1.07137103035054 0.210878335504484 -0.802034963989793
temp_spectre.95 47500000 48500000 48000000.5 32 32 0.416060649492575 -0.587973795379746 0.464526179474813 0.576578740113526 -0.90549728632462
temp_spectre.96 4.8e+07 4.9e+07 48500000.5 50 50 0.824199732810181 -0.3318842126544 0.384906384694907 -0.0265024570434366 -0.371902474163443
temp_spectre.97 48500000 49500000 49000000.5 69 69 0.727592517902284 -0.0257587332235187 1.19646031632098 0.197714767286357 0.0616209052557371
temp_spectre.98 4.9e+07 5e+07 49500000.5 62 62 0.361207723616234 -0.481275616202847 0.573959243788138 0.931080826020487 -0.2454879282097
temp_spectre.99 49500000 50500000 50000000.5 32 32 -0.0116382419375234 -1.26733518582459 -0.829506205502472 0.898626319717783 -0.845614492612732
temp_spectre.100 5e+07 5.1e+07 50500000.5 42 42 0.627672675066209 -0.439154760809348 0.235753645251716 0.973529813677719 -0.226662021904883
temp_spectre.101 50500000 51500000 51000000.5 64 64 0.714055403586086 -1.05318277100256 -0.0144037461374751 0.699614670128483 -0.880490708955851
temp_spectre.102 5.1e+07 5.2e+07 51500000.5 68 68 0.138800560967769 -1.30640395044319 -0.347958981816877 -0.253373509850729 -1.17553157909681
temp_spectre.103 51500000 52500000 52000000.5 71 71 -0.533523063552965 -0.228226168108446 0.00925347381850002 0.175443285460015 -0.470127218879438
temp_spectre.104 5.2e+07 5.3e+07 52500000.5 52 52 -0.498414607808447 0.286403260273588 0.206862015855946 0.105116982005924 0.147833681601138
temp_spectre.105 52500000 53500000 53000000.5 49 49 0.0884894331782232 0.763010371425829 1.01735800375864 -1.17014161569244 0.407941407096416
temp_spectre.106 5.3e+07 5.4e+07 53500000.5 71 71 0.652488531915503 0.331184803190984 1.1414632050229 -0.404891368465345 0.0208477498949121
temp_spectre.107 53500000 54500000 54000000.5 90 90 0.864525743669907 -0.150421427390021 0.520252201556535 0.0494650943964262 -0.420240679261419
temp_spectre.108 5.4e+07 5.5e+07 54500000.5 96 96 0.465542416674082 -0.807253177147584 0.209789865943124 0.0020191595644551 -0.916739955615811
temp_spectre.109 54500000 55500000 55000000.5 93 93 0.890747558121497 -0.961992735158603 0.518281879987468 -0.60059826112933 -0.861309732469456
temp_spectre.110 5.5e+07 5.6e+07 55500000.5 71 71 1.06106205683081 -0.317918230285734 0.788073795094269 -0.523568075063184 -0.135075749458243
temp_spectre.111 55500000 56500000 56000000.5 67 67 0.516740171805195 -0.265130124581081 -0.425990257777694 0.181976708741788 -0.0857211399830358
temp_spectre.112 5.6e+07 5.7e+07 56500000.5 75 75 -0.00791925322119891 -0.559483960979254 -0.991306217790529 0.452289184488526 -0.75883369542267
temp_spectre.113 56500000 57500000 57000000.5 47 47 -0.272906002850737 0.287456315399163 -0.207630541812369 0.21641881999306 -0.523009708338654
temp_spectre.114 5.7e+07 5.8e+07 57500000.5 32 32 -0.282463542460174 1.15771748036932 0.239784915703675 -0.816239167452818 -0.475166145459237
temp_spectre.115 57500000 58500000 58000000.5 47 47 0.88140987004944 1.15902846812842 -0.036130408592119 -1.03974473321055 -0.40249854857031
temp_spectre.116 5.8e+07 5.9e+07 58500000.5 111 111 0.779139186540373 0.493721952372037 0.299372844102004 0.151335406747539 0.141871561675051
temp_spectre.117 58500000 59500000 59000000.5 110 110 0.820797119886832 0.320211747659197 0.366755880127843 0.793670522458041 0.313798237637743
temp_spectre.118 5.9e+07 6e+07 59500000.5 60 60 1.08129578877744 -0.315698129922298 0.401825482595979 1.41195614844843 0.169676541837125
temp_spectre.119 59500000 60500000 60000000.5 60 60 0.858342852323691 -0.863243365149928 0.129136159221017 0.841228087113171 -0.503124852016772
temp_spectre.120 6e+07 6.1e+07 60500000.5 64 64 -0.10741410082952 -0.449749946539028 0.692612794487548 -0.516192055032295 -0.694101100906846
temp_spectre.121 60500000 61500000 61000000.5 57 57 -0.803106389372758 -0.407616456926783 0.620484296794318 -0.62310292811142 -0.766020103823248
temp_spectre.122 6.1e+07 6.2e+07 61500000.5 49 49 0.484431773737089 -1.04173877404976 -0.370190148750385 -0.0219922144866352 -0.964963186891595
temp_spectre.123 61500000 62500000 62000000.5 62 62 -0.368266380972043 -0.647455106384679 0.365037597685745 -0.419659358231805 -0.403152069106398
temp_spectre.124 6.2e+07 6.3e+07 62500000.5 68 68 0.00148839580159351 0.0226824553347743 0.218382002263669 -0.351646769192038 0.152432498113974
temp_spectre.125 62500000 63500000 63000000.5 61 61 -0.164631773819832 0.0258901861352215 -0.299380652354412 0.0532961498785568 -0.167896296292684
temp_spectre.126 6.3e+07 6.4e+07 63500000.5 59 59 -0.0678945088704692 -0.144313248568742 -0.4509533633528 -0.0824947822125838 -0.836275071375986
temp_spectre.127 63500000 64500000 64000000.5 64 64 0.895713253633827 0.17417917279237 0.0378292863503084 -0.0211185950377151 -0.362006415909048
temp_spectre.128 6.4e+07 6.5e+07 64500000.5 51 51 0.972852271145599 -0.315761048036719 0.343681470372198 -0.131152889590714 -0.0617212486935962
temp_spectre.129 64500000 65500000 65000000.5 42 42 0.945491826187038 -0.808114628729578 0.477873818411059 -0.593117299391583 -0.533841436756461
temp_spectre.130 6.5e+07 6.6e+07 65500000.5 51 51 0.703330048893468 -1.37910286901845 0.285732200702548 -0.758734348957361 -1.41679094562497
temp_spectre.131 65500000 66500000 66000000.5 37 37 -0.842696605402721 -1.61420176864982 -0.648751043504237 -0.516192055032295 -2.06377576304835
temp_spectre.132 6.6e+07 6.7e+07 66500000.5 55 55 -0.470821397416087 0.0249687293804132 -0.0134729341003734 0.973529813677719 -0.259133095279198
temp_spectre.133 66500000 67500000 67000000.5 64 64 -0.258859510780127 0.0749181902325532 0.205577715201959 1.12282142466134 0.237899020054926
temp_spectre.134 6.7e+07 6.8e+07 67500000.5 40 40 0.789141799146446 0.743390702145585 0.904005654650081 0.410363182501723 0.741303760966355
temp_spectre.135 67500000 68500000 68000000.5 70 70 1.08577291205853 0.198073791827513 1.0992405584448 0.791310231599459 1.03430464843963
temp_spectre.136 6.8e+07 6.9e+07 68500000.5 71 71 0.646448573435603 -0.280380597335147 0.957126588289254 1.18496445259337 0.571054038778341
temp_spectre.137 68500000 69500000 69000000.5 46 46 -0.658844376421389 0.62867497675862 0.624980365986997 -0.148786089457766 0.15064817492468
temp_spectre.138 6.9e+07 7e+07 69500000.5 43 43 -0.963951548010423 0.894161697798842 0.699257765692399 0.0205865066426005 0.501086339168598
temp_spectre.139 69500000 70500000 70000000.5 49 49 0.600216780719362 0.131740009374078 0.574866092260616 0.512896718689335 -0.108159580114053
temp_spectre.140 7e+07 7.1e+07 70500000.5 63 63 1.33118164791699 -0.342714015555046 -0.0972298204208155 -0.532178500368994 -0.951481298327545
temp_spectre.141 70500000 71500000 71000000.5 55 55 0.985965198209106 -0.800469605074503 -0.297413890711658 -0.241794388755271 -1.34815727489383
temp_spectre.142 7.1e+07 7.2e+07 71500000.5 92 92 1.43232888919631 0.345804223447162 0.688460638415248 0.673612511856889 -0.0620623705151057
temp_spectre.143 71500000 72500000 72000000.5 137 137 1.30797739894679 -0.230117608574291 -0.363147485459464 -0.055472376404126 -0.507588251604462
temp_spectre.144 7.2e+07 7.3e+07 72500000.5 88 88 0.98739199254333 -0.629618144993423 -1.22178052195226 -0.792186851969291 -0.948596551744945
temp_spectre.145 72500000 73500000 73000000.5 25 25 1.30421116257112 0.892916277471281 0.413099778336213 -0.213977048453559 0.246870728880917
temp_spectre.146 7.3e+07 7.4e+07 73500000.5 30 30 -0.0132382641338254 0.0132114387516768 0.168846004991061 0.610821004429854 -0.49324968290893
temp_spectre.147 73500000 74500000 74000000.5 50 50 0.172614507143479 0.0300179978018169 0.416215969938003 0.295545120476052 -0.385091024570496
temp_spectre.148 7.4e+07 7.5e+07 74500000.5 57 57 -0.108158747722308 -0.327195498239873 0.248116267052025 -0.59023377386672 -0.709513923364156
temp_spectre.149 74500000 75500000 75000000.5 36 36 -0.669312551031282 -0.487445512363677 0.377567270237112 -1.10999593672822 -0.819609302026239
temp_spectre.150 7.5e+07 7.6e+07 75500000.5 15 15 0.364296164804976 0.565417976076597 2.18867589042054 -1.42283707476851 0.787027935622642
temp_spectre.151 75500000 76500000 76000000.5 29 29 0.862843075530519 0.432512723160814 1.31047447438078 -0.889013116737852 0.214712739829269
temp_spectre.152 7.6e+07 7.7e+07 76500000.5 27 27 -0.320503860448834 1.06819646265656 0.0557495874334928 -0.246247170256818 0.0904238566176698
temp_spectre.153 76500000 77500000 77000000.5 18 18 -1.17223288059082 1.36432476499337 0.327415960841578 0.707667240615378 0.517280438024229
temp_spectre.154 7.7e+07 7.8e+07 77500000.5 30 30 0.742768488416974 0.49423534292673 0.392210523099558 0.736375196023396 0.156850056675444
temp_spectre.155 77500000 78500000 78000000.5 59 59 -0.200586337538398 -0.176312447904008 -0.558004573378203 0.170072074506372 -0.88284303532673
temp_spectre.156 7.8e+07 7.9e+07 78500000.5 83 83 -0.512180704016516 -0.644749181591333 -0.546943740813432 -0.278294851195781 -0.950757716235363
temp_spectre.157 78500000 79500000 79000000.5 52 52 -0.319289914205079 -0.632542836483974 -0.0249757139724005 -0.324010984838597 -0.433725130748443
temp_spectre.158 7.9e+07 8e+07 79500000.5 7 7 1.03299197336314 -0.410981016415283 0.907693304165689 -1.29503085280462 0.247176530308263
temp_spectre.159 79500000 80500000 80000000.5 51 51 -0.387276104866716 -1.04088385324426 -0.397127976240283 -0.633264249348905 -0.995055750509535
temp_spectre.160 8e+07 8.1e+07 80500000.5 71 71 -0.300705576750452 -0.677884246462284 -0.0289997790488875 -0.580645092432923 -0.49501757563876
temp_spectre.161 80500000 81500000 81000000.5 29 29 0.239315073102917 -0.0131599146676956 0.750113304927436 -0.265114564286386 0.604149758486011
temp_spectre.162 8.1e+07 8.2e+07 81500000.5 18 18 0.0930690575341814 0.391017371460933 0.256472919519958 0.576578740113526 -0.0487984113444733
temp_spectre.163 81500000 82500000 82000000.5 42 42 1.03821436972222 0.378323493878073 0.18234441026973 1.03534181510262 0.417386115927522
temp_spectre.164 8.2e+07 8.3e+07 82500000.5 31 31 1.42958815343089 0.274146997625451 0.300279892533066 1.07312473786023 0.642150956162814
temp_spectre.165 82500000 83500000 83000000.5 26 26 2.6009289244991 2.61112279556816 2.19633270904825 1.75721234715107 3.37551469366689
temp_spectre.166 8.3e+07 8.4e+07 83500000.5 30 30 2.59856804832895 2.6217796796181 2.04255255171877 1.3263420497695 2.7253867638771
temp_spectre.167 83500000 84500000 84000000.5 37 37 -0.395827147116231 0.408411605048908 -0.222843743594702 0.194146593414066 -0.604638874653616
temp_spectre.168 8.4e+07 8.5e+07 84500000.5 44 44 -0.539481497629907 0.535191882019714 0.286884275135681 0.708923347721233 -0.0914108502039963
temp_spectre.169 84500000 85500000 85000000.5 33 33 0.202686355547575 0.226795220046371 0.490320866470443 0.885067892700595 0.307982772749372
temp_spectre.170 8.5e+07 8.6e+07 85500000.5 27 27 1.16598105682999 0.0388039584942643 -0.0095170891562242 0.640776603948249 0.0333832726379872
temp_spectre.171 85500000 86500000 86000000.5 7 7 1.74286278289715 0.461518910422663 -0.0562616921369455 1.04844197511206 0.948778319310086
temp_spectre.172 8.6e+07 8.7e+07 86500000.5 4 4 1.30267790480365 -0.0282963425358949 -0.493733780755253 1.7532407324707 0.677017332495721
temp_spectre.173 86500000 87500000 87000000.5 2 2 NA 0.540554688775511 -0.341438343255474 1.44509691188714 0.506033598659208
temp_spectre.174 87500000 88500000 88000000.5 25 25 -0.673789644378132 -0.582784417188607 -1.33651634145671 -1.07180253994461 -1.36692909845187
temp_spectre.175 8.8e+07 8.9e+07 88500000.5 48 48 -0.931503981455335 -0.716235030733606 -0.582060772211874 -0.148786089457766 -1.04654591483486
temp_spectre.176 88500000 89500000 89000000.5 37 37 -1.12537775661239 -0.138792261892118 0.662463644071629 0.602843227982092 -0.0656924426487774
temp_spectre.177 8.9e+07 9e+07 89500000.5 16 16 0.056225508540572 0.737159416341458 0.719113067482069 0.520431145206467 1.09159499734226
temp_spectre.178 89500000 90500000 90000000.5 7 7 1.4351390812901 -0.00381438389090811 0.44553502975923 0.60030557156144 0.671765599501866
temp_spectre.179 9e+07 9.1e+07 90500000.5 58 58 0.821936410935567 0.257770684221544 0.679040897157295 0.993770353007348 0.686474765789499
temp_spectre.180 90500000 91500000 91000000.5 247 247 0.216040406542355 -0.350132251923423 -0.450185860360372 0.0689595608812377 -0.703658502189965
temp_spectre.181 9.1e+07 9.2e+07 91500000.5 232 232 -0.00212915420806085 -0.494264396477405 -0.736159511817682 -0.168713171282084 -1.04785982855218
temp_spectre.182 91500000 92500000 92000000.5 90 90 0.404762771942729 0.0394340382318866 -0.540737180756927 0.16912530432027 -0.642469993279881
temp_spectre.183 9.2e+07 9.3e+07 92500000.5 58 58 0.0795704978548389 -0.164877540028404 -0.673487608953221 0.0826842999469672 -0.521490594064078
temp_spectre.184 92500000 93500000 93000000.5 12 12 -1.56221758342572 -0.922365953603954 -0.466178239889807 0.274296295554961 -0.0530918766040416
temp_spectre.185 9.3e+07 9.4e+07 93500000.5 12 12 -1.40085080218204 -1.25254346591263 -0.0301489146653312 0.537279873367035 -1.1367620102258
temp_spectre.186 93500000 94500000 94000000.5 10 10 -1.40085080218204 -1.29119493732346 -0.437642849725187 1.44509691188714 -1.57836080405871
temp_spectre.187 9.4e+07 9.5e+07 94500000.5 6 6 -1.40085080218204 0.540554688775511 -0.493733780755253 1.7532407324707 -0.523052527475498
temp_spectre.188 94500000 95500000 95000000.5 9 9 -1.1117331765569 -1.83093628599764 0.32097688158538 0.310634243891206 -1.72306028109291
temp_spectre.189 9.5e+07 9.6e+07 95500000.5 22 22 0.694708637226503 -0.753752953381226 0.4912670529919 0.274296295554961 -0.222821294081148
temp_spectre.190 95500000 96500000 96000000.5 38 38 0.263070053299185 -1.06083550105981 0.396852327187139 0.850854043570307 -0.840400421773841
temp_spectre.191 9.6e+07 9.7e+07 96500000.5 248 248 0.343868135814372 -0.283377191927654 0.00589494291153093 0.341143290108827 -0.380716110094098
temp_spectre.192 96500000 97500000 97000000.5 233 233 0.436044609032335 -0.159443812511171 0.0265783518287327 0.350343414271211 -0.19761328808051
temp_spectre.193 9.7e+07 9.8e+07 97500000.5 11 11 0.804451911125951 -0.920508618003787 0.424626833013556 1.64797262001899 -0.0028946224580749
temp_spectre.194 97500000 98500000 98000000.5 9 9 -0.43130010416721 0.361762942991198 0.143359042952012 1.39258911032583 -0.0561013762585976
temp_spectre.195 9.8e+07 9.9e+07 98500000.5 11 11 -0.43130010416721 0.232015144323463 0.591892406978949 1.04844197511206 -0.027993249531058
temp_spectre.196 98500000 99500000 99000000.5 27 27 -1.74109586520715 -0.702623946680747 -0.194405804034271 0.758757535942055 -0.73323888987385
temp_spectre.197 9.9e+07 1e+08 99500000.5 49 49 -0.515168901519957 -0.222610658825452 0.082033415365187 0.457111535171249 -0.411355586720682
temp_spectre.198 99500000 100500000 100000000.5 38 38 -0.23354777972043 0.571765220830438 0.127681309625043 0.167293319703293 -0.244074521448104
temp_spectre.199 1e+08 1.01e+08 100500000.5 29 29 0.284299748011634 0.691276798350328 0.45455427873553 1.12512934702709 0.13042020712831
temp_spectre.200 100500000 101500000 101000000.5 44 44 0.985571951579324 0.756446767654959 1.135589578919 1.04128170807876 1.06385273430634
temp_spectre.201 1.01e+08 1.02e+08 101500000.5 39 39 0.811756235471802 0.689036088782198 0.836912555805124 0.494912807864118 0.740321845059803
temp_spectre.202 101500000 102500000 102000000.5 36 36 1.40201662772963 0.0209756395694979 0.237154013286796 0.202247323858179 -0.335266125865475
temp_spectre.203 1.02e+08 1.03e+08 102500000.5 44 44 -0.0378847287614507 -0.0198449647398972 0.27762681987228 0.647548537662032 -0.108500433094926
temp_spectre.204 102500000 103500000 103000000.5 25 25 -1.2496584284149 0.159416165315613 0.268040170220498 0.338388809447053 -0.0670987022279279
temp_spectre.205 1.03e+08 1.04e+08 103500000.5 12 12 -1.24467524126319 0.23325533947642 0.0367119450519086 1.64797262001899 -0.371326160046049
temp_spectre.206 103500000 104500000 104000000.5 29 29 -1.43336683568548 -0.171249234561421 -0.345507455770151 1.98663004195937 -0.427146217859056
temp_spectre.207 1.04e+08 1.05e+08 104500000.5 46 46 -1.04018411919664 -0.615331547317106 -0.481167802423624 2.00492889241579 -0.683403234885338
temp_spectre.208 104500000 105500000 105000000.5 46 46 0.362401971220103 -0.154427291635032 0.0854367101042335 1.50822022809624 -0.203547401842918
temp_spectre.209 1.05e+08 1.06e+08 105500000.5 43 43 1.25023035671849 0.815389285924546 0.423327894266034 -0.596749784242468 0.489156335987905
temp_spectre.210 105500000 106500000 106000000.5 55 55 -0.0810856222735205 0.773790422095265 -0.404355061174073 -0.61851184656452 -0.126369104955217
temp_spectre.211 1.06e+08 1.07e+08 106500000.5 78 78 -0.168069804132585 -0.174087667465095 -0.728546004629613 0.194146593414066 -0.567933061115936
temp_spectre.212 106500000 107500000 107000000.5 72 72 0.431442666642296 -0.609397471164231 -0.528478712984507 0.803141180044048 -0.753748727609728
temp_spectre.213 1.07e+08 1.08e+08 107500000.5 123 123 -1.14338111952363 1.22815239817627 1.25740584533267 0.739763784139277 0.759303287015814
temp_spectre.214 107500000 108500000 108000000.5 149 149 -0.850190849931378 0.961785466558098 1.40527234311077 0.601862039161589 0.904432965561237
temp_spectre.215 1.08e+08 1.09e+08 108500000.5 104 104 1.15750703723818 -0.0474558631458071 0.736453140093894 -0.0011299336686411 0.378761992808649
temp_spectre.216 108500000 109500000 109000000.5 73 73 1.12192646302883 0.0789612653551594 0.42746172526879 -0.300435542933982 0.539012108944846
temp_spectre.217 1.09e+08 1.1e+08 109500000.5 96 96 1.19090718562737 -0.453400392814411 0.653485507669845 -0.185132803795089 -0.479785713690401
temp_spectre.218 109500000 110500000 110000000.5 120 120 1.10122893644747 -0.40449485931095 0.898330525931785 -0.288617342789998 -0.232765974750033
temp_spectre.219 1.1e+08 1.11e+08 110500000.5 74 74 0.944777606356439 0.119274961529921 0.880493332477472 -0.163295905465361 0.53956016107209
temp_spectre.220 110500000 111500000 111000000.5 64 64 0.808259423935437 -0.260657044943753 -0.368787564829892 -0.0664017605044333 0.727807204843056
temp_spectre.221 1.11e+08 1.12e+08 111500000.5 79 79 0.08494682547715 -0.98648825444202 -0.457407247015406 0.173856965465644 0.0670762443553426
temp_spectre.222 111500000 112500000 112000000.5 81 81 -0.698753598063613 -0.51273951194938 0.43285351268853 0.650711074854595 -0.0813602753578796
temp_spectre.223 1.12e+08 1.13e+08 112500000.5 67 67 -0.776942368770228 0.462577496178297 0.162987419680618 0.235970065832178 0.05928929985215
temp_spectre.224 112500000 113500000 113000000.5 53 53 -0.774195885762943 -0.0860305278634225 -0.708454783046263 0.0291551776419025 -0.927009387653317
temp_spectre.225 1.13e+08 1.14e+08 113500000.5 61 61 -0.572861672401022 -0.671800801869836 -0.816975404932544 -0.620510093708852 -1.19055995067787
temp_spectre.226 113500000 114500000 114000000.5 92 92 0.0761833176175484 0.00242190530596439 -0.442819544820873 0.0430988985038752 -0.468164263722273
temp_spectre.227 1.14e+08 1.15e+08 114500000.5 90 90 0.255149404557086 -0.0644170415687751 -0.203548367548085 0.835282670931697 -0.388838055252514
temp_spectre.228 114500000 115500000 115000000.5 77 77 0.366762881814379 -0.593136015017508 -0.628880270569556 0.563899529630069 -0.492744135900571
temp_spectre.229 1.15e+08 1.16e+08 115500000.5 50 50 0.459865469919752 -0.21281392803198 -0.627044425286045 0.342780304881764 -0.0261981076955487
temp_spectre.230 115500000 116500000 116000000.5 28 28 -1.0631792807884 -0.00628652628880194 -0.475262059300438 0.956066991804957 -0.509798652077626
temp_spectre.231 1.16e+08 1.17e+08 116500000.5 55 55 0.351097833353881 -0.102542060409653 -0.778978318828167 1.13697110014731 -0.303195141880905
temp_spectre.232 116500000 117500000 117000000.5 80 80 1.71475868876891 0.0734621594071256 0.347612831969255 -0.376062902212125 0.508847868561249
temp_spectre.233 1.17e+08 1.18e+08 117500000.5 82 82 1.54163720533559 -0.483055618325376 0.228716340748102 -0.985392219486949 0.19879969513405
temp_spectre.234 117500000 118500000 118000000.5 85 85 0.47735389393576 -0.725901842335332 -0.591179423876303 -0.0940946587384961 -0.290183248223093
temp_spectre.235 1.18e+08 1.19e+08 118500000.5 84 84 0.439669051399518 -0.368285290131549 -0.615981750632201 0.0783292244175021 -0.368964109800078
temp_spectre.236 118500000 119500000 119000000.5 81 81 0.896021112634653 -0.654167560440813 -0.369282764494387 0.129286958022189 -0.562493307618247
temp_spectre.237 1.19e+08 1.2e+08 119500000.5 83 83 0.771195291220744 -0.58344912845724 0.0107610702189647 0.175027851640918 -0.365163199438364
temp_spectre.238 119500000 120500000 120000000.5 56 56 0.650739692791957 -0.318074316636341 0.229734580383191 -0.186099670887424 -0.310298418057488
temp_spectre.239 1.2e+08 1.21e+08 120500000.5 64 64 0.728160759440616 -0.669751308123748 0.511870577561341 -0.163295905465361 -0.23482949662129
temp_spectre.240 120500000 121500000 121000000.5 81 81 0.720319398592063 -0.218372053724482 0.636027398772127 0.224000315981272 0.203541839566908
temp_spectre.241 1.21e+08 1.22e+08 121500000.5 98 98 1.51437289925026 0.827613294910337 1.31062353587798 0.510990106400987 0.930289026753021
temp_spectre.242 121500000 122500000 122000000.5 94 94 1.93241834643396 1.3171109870223 1.58693276138491 0.0671791416888989 1.15026117387455
temp_spectre.243 1.22e+08 1.23e+08 122500000.5 51 51 1.72863219911741 1.10854969449557 0.903003181163702 -1.12436538145879 0.72582181011238
temp_spectre.244 122500000 123500000 123000000.5 141 141 1.10421425936808 0.596898909820218 1.00304396767544 0.592552821396863 0.843039709002266
temp_spectre.245 1.23e+08 1.24e+08 123500000.5 163 163 1.03474728018547 0.490191020298162 1.0756586545628 0.275332384980325 0.714708133504485
temp_spectre.246 123500000 124500000 124000000.5 56 56 0.517557370122081 -0.51487315284963 0.237084114628601 -0.903339150696752 -0.507469825692359
temp_spectre.247 1.24e+08 1.25e+08 124500000.5 32 32 -0.590161849531003 -0.634977906249685 -0.233970490254641 0.722995907388151 -0.901632306767926
temp_spectre.248 124500000 125500000 125000000.5 25 25 -0.49412348071677 -0.181473970138589 0.529339161459313 1.14088395790264 -0.565955886292599
temp_spectre.249 1.25e+08 1.26e+08 125500000.5 44 44 -0.624873881638388 -0.457027401324356 0.23656059643124 -0.17440331627823 -0.459689388493336
temp_spectre.250 125500000 126500000 126000000.5 80 80 -0.0561433746387675 -0.100355582477654 0.140231078528553 0.15813425328111 -0.00340974506148951
temp_spectre.251 1.26e+08 1.27e+08 126500000.5 83 83 0.548439219068471 -0.107887024299196 0.0221424991406501 0.336501357868567 -0.203472400952281
temp_spectre.252 126500000 127500000 127000000.5 62 62 0.366354827798221 -0.703128556745288 -0.597708810872497 0.183487653838543 -0.769623459304938
temp_spectre.253 1.27e+08 1.28e+08 127500000.5 69 69 -0.1397217675375 -0.388736626247805 -1.21001763594833 -0.323191005825642 -0.97012245781168
temp_spectre.254 127500000 128500000 128000000.5 83 83 -0.255578198385862 0.220986205638495 -0.685983353279215 -0.111702014099932 -0.665273904749184
temp_spectre.255 1.28e+08 1.29e+08 128500000.5 70 70 -0.216532768086259 0.135850394652367 0.586010060949018 0.293562289776108 0.349945497511434
temp_spectre.256 128500000 129500000 129000000.5 60 60 -0.131647248017733 0.132622135340578 0.971447234474503 0.582931366258161 0.453728616881567
temp_spectre.257 1.29e+08 1.3e+08 129500000.5 55 55 0.515720461604716 -0.086836005342901 0.247357626299942 0.627607609013996 -0.0388414858319033
temp_spectre.258 129500000 130500000 130000000.5 71 71 0.554608399577136 -1.42584727956858 0.040884275783456 -0.0296507864065919 -0.799181005273113
temp_spectre.259 1.3e+08 1.31e+08 130500000.5 86 86 0.167151868997154 -0.522979480420413 0.848986035817212 0.41750507302136 -0.377697144870504
temp_spectre.260 130500000 131500000 131000000.5 103 103 0.139226387108215 -0.631068784369451 0.401736309105108 0.0244803707497626 -0.252163607987163
temp_spectre.261 1.31e+08 1.32e+08 131500000.5 104 104 -0.0271462689976346 -0.89431544718378 -0.0999138563139982 -0.219280728699814 -0.550791224030639
temp_spectre.262 131500000 132500000 132000000.5 94 94 0.341343350027589 0.212294825559969 -0.181689391656032 0.43953536759717 0.0583612530230468
temp_spectre.263 1.32e+08 1.33e+08 132500000.5 91 91 0.722591209010302 0.453603868725002 0.105640251614191 0.484122959565047 0.282200113628136
temp_spectre.264 132500000 133500000 133000000.5 77 77 0.652724912839329 0.244954386135454 0.295161035258333 0.0223495877330033 0.0938358989505342
temp_spectre.265 1.33e+08 1.34e+08 133500000.5 77 77 0.209403758226285 0.265600360010208 0.0206393359982333 -0.465469822657624 0.0496996106929166
temp_spectre.266 133500000 134500000 134000000.5 83 83 -0.00627420777199465 -0.563920033480532 -0.0908261650804228 -0.227581937214656 -0.497318914859455
temp_spectre.267 1.34e+08 1.35e+08 134500000.5 92 92 0.0284924042401775 -0.760845489704937 -0.232221541909614 0.780287616508332 -0.752459461071854
temp_spectre.268 134500000 135500000 135000000.5 92 92 0.14351920013953 -0.631871556363528 0.241533806888276 0.740185123437688 -0.6513413440889
temp_spectre.269 1.35e+08 1.36e+08 135500000.5 88 88 0.90675827203269 -0.262886513080479 1.04538761326351 0.534384928834336 0.344404472290757
temp_spectre.270 135500000 136500000 136000000.5 96 96 0.828608241253606 0.105459957168911 0.610039284850618 0.728645797177881 0.28922597531069
temp_spectre.271 1.36e+08 1.37e+08 136500000.5 88 88 0.0897980192781906 0.225147357400601 0.0856224154879984 0.250981533861757 -0.281927366802904
temp_spectre.272 136500000 137500000 137000000.5 90 90 -0.162936837334245 0.775613316073367 0.173101999706824 0.0343404054176595 0.0669025906203105
temp_spectre.273 1.37e+08 1.38e+08 137500000.5 83 83 0.241788200015695 0.483992742948351 -0.233112386416174 0.264592778734728 -0.16377084829528
temp_spectre.274 137500000 138500000 138000000.5 62 62 0.595734361271667 0.108009428082913 -0.242353320459046 -0.239098438108658 0.0173195152031843
temp_spectre.275 1.38e+08 1.39e+08 138500000.5 69 69 0.19318808806027 -0.0395386873430674 0.632955824173048 -0.648138222164939 0.0566295686158051
temp_spectre.276 138500000 139500000 139000000.5 81 81 0.105043452098086 -0.496929702490516 0.533825327760908 -0.104636063682574 -0.192238547167881
temp_spectre.277 1.39e+08 1.4e+08 139500000.5 80 80 0.142318321767902 -0.267781036781023 0.336115165303178 0.444618936092992 -0.0984678589296271
temp_spectre.278 139500000 140500000 140000000.5 93 93 -0.11483989638771 0.0373110015996836 0.537120005136473 0.580676889157007 0.370605887501778
temp_spectre.279 1.4e+08 1.41e+08 140500000.5 102 102 -0.0218577920073092 -0.172093497226177 0.505264379367883 0.715792556915386 0.313712745344265
temp_spectre.280 140500000 141500000 141000000.5 67 67 0.159971969653974 -0.243170614703529 0.352323214518567 0.619627194149926 -0.12973384463844
temp_spectre.281 1.41e+08 1.42e+08 141500000.5 49 49 -0.0127821102476858 0.0213656749664825 -0.59631339391225 0.949954333141302 0.00634149569145012
temp_spectre.282 141500000 142500000 142000000.5 78 78 0.450587613285209 0.391547894655962 0.377734376410619 0.585396619807094 0.195095369773397
temp_spectre.283 1.42e+08 1.43e+08 142500000.5 88 88 1.03557377832683 0.556345137400166 0.844275080068486 0.228861998443801 0.484386969419712
temp_spectre.284 142500000 143500000 143000000.5 72 72 0.705336246194114 0.757721566774335 0.132842386140468 0.151164770199387 0.995137827626142
temp_spectre.285 1.43e+08 1.44e+08 143500000.5 79 79 0.542488119948299 0.23080197225549 -0.0190717040749049 0.18145955527784 0.643631872992604
temp_spectre.286 143500000 144500000 144000000.5 108 108 0.975358438096468 -0.00971089977632246 0.317819271027558 0.280598498720919 0.453350549876289
temp_spectre.287 1.44e+08 1.45e+08 144500000.5 110 110 0.928826147641836 0.1998333966825 0.436185466120814 0.117623291748494 0.542102731877932
temp_spectre.288 144500000 145500000 145000000.5 94 94 0.661470374486705 0.121435545083241 0.156414633775737 0.663382460152774 0.151808340566345
temp_spectre.289 1.45e+08 1.46e+08 145500000.5 79 79 0.278606035769071 -0.292880382166301 -0.388037240473165 1.18899653490432 -0.593014721459014
temp_spectre.290 145500000 146500000 146000000.5 71 71 0.285373592992515 -0.606051917181767 -0.14197889399125 0.413493694070103 -0.45956638579076
temp_spectre.291 1.46e+08 1.47e+08 146500000.5 87 87 0.135292815382308 -0.784755001583952 -0.0522429413529192 0.30283578823508 -0.559341067039534
temp_spectre.292 146500000 147500000 147000000.5 95 95 -0.131647248017733 -0.647901964164563 -0.178763797968671 -0.0816863721966662 -0.870177354999381
temp_spectre.293 1.47e+08 1.48e+08 147500000.5 76 76 -0.0402429646077337 -0.61272806087098 0.244855998023611 -0.269301148545211 -0.363560356941799
temp_spectre.294 147500000 148500000 148000000.5 69 69 -0.605081812767662 -0.354869991154092 -0.0877728173280884 0.376564987363712 -0.145198023293738
temp_spectre.295 1.48e+08 1.49e+08 148500000.5 87 87 -0.493508342564407 -0.272711457927621 -0.486346910439567 -0.382384577760609 -0.830165123982576
temp_spectre.296 148500000 149500000 149000000.5 83 83 0.0911287446143257 -0.125425784370205 -0.159331182271689 -0.677584159459716 -0.63982682798853
temp_spectre.297 1.49e+08 1.5e+08 149500000.5 65 65 0.193535763030811 -0.374376373968814 -0.145733577454211 0.0162458888458842 -0.0515657221471118
temp_spectre.298 149500000 150500000 150000000.5 37 37 -0.112091570791123 -1.10570676245239 -0.247449320569569 0.208896820522316 -0.151706280119774
temp_spectre.299 1.5e+08 1.51e+08 150500000.5 7 7 0.263843761233405 0.0252689470036901 0.570984210233274 1.04844197511206 0.566107490117283
