low_bound_theta upper_bound_theta mid_wind_theta Nmb_Positions_theta Nb_SNP_theta pop1 pop2 pop3 pop4 pop1+pop2+pop3+pop4
temp_spectre 0 1e+06 500000.5 42 42 0.158201058201058 0.266594516594517 0.206698063840921 0.284126984126984 0.254604280736685
temp_spectre.1 5e+05 1500000 1000000.5 56 56 0.157539682539683 0.275162337662338 0.23469387755102 0.229761904761905 0.269723743155799
temp_spectre.2 1e+06 2e+06 1500000.5 80 80 0.153055555555556 0.290340909090909 0.276648351648352 0.135 0.26239837398374
temp_spectre.3 1500000 2500000 2000000.5 77 77 0.18008658008658 0.292994883903975 0.262451833880405 0.167099567099567 0.261957554640481
temp_spectre.4 2e+06 3e+06 2500000.5 79 79 0.248663853727145 0.270233985423859 0.245374878286271 0.248101265822785 0.265969802555168
temp_spectre.5 2500000 3500000 3000000.5 86 86 0.206201550387597 0.232558139534884 0.256580628673652 0.237984496124031 0.244023985090349
temp_spectre.6 3e+06 4e+06 3500000.5 82 82 0.142547425474255 0.225240206947524 0.25797373358349 0.26260162601626 0.238109401999943
temp_spectre.7 3500000 4500000 4000000.5 64 64 0.170833333333333 0.253787878787879 0.272321428571429 0.246875 0.258946718931475
temp_spectre.8 4e+06 5e+06 4500000.5 56 56 0.251587301587302 0.228896103896104 0.260204081632653 0.198809523809524 0.25570350091256
temp_spectre.9 4500000 5500000 5000000.5 71 71 0.276369327073552 0.249893299189074 0.258783470051076 0.189671361502347 0.274492483355417
temp_spectre.10 5e+06 6e+06 5500000.5 68 68 0.278104575163399 0.255793226381462 0.255009696186167 0.2 0.274936803989889
temp_spectre.11 5500000 6500000 6000000.5 68 68 0.197712418300654 0.164661319073084 0.217032967032967 0.229411764705882 0.215566714490674
temp_spectre.12 6e+06 7e+06 6500000.5 66 66 0.201346801346801 0.138888888888889 0.256909756909757 0.197979797979798 0.243480097138634
temp_spectre.13 6500000 7500000 7000000.5 76 76 0.274561403508772 0.21451355661882 0.293666859456333 0.224561403508772 0.292530105752185
temp_spectre.14 7e+06 8e+06 7500000.5 89 89 0.257178526841448 0.249063670411985 0.289665390788986 0.289138576779026 0.302457294235864
temp_spectre.15 7500000 8500000 8000000.5 92 92 0.209178743961353 0.251152832674572 0.311992355470616 0.310144927536232 0.315343634802808
temp_spectre.16 8e+06 9e+06 8500000.5 84 84 0.184920634920635 0.255050505050505 0.300889586603872 0.261111111111111 0.286212045793927
temp_spectre.17 8500000 9500000 9000000.5 61 61 0.191985428051002 0.196472925981123 0.247703116555576 0.146448087431694 0.227813636450182
temp_spectre.18 9e+06 1e+07 9500000.5 73 73 0.167732115677321 0.219178082191781 0.212705103116062 0.130593607305936 0.220180420982292
temp_spectre.19 9500000 10500000 10000000.5 101 101 0.18987898789879 0.256975697569757 0.241431835491241 0.176897689768977 0.250445602051494
temp_spectre.20 1e+07 1.1e+07 10500000.5 105 105 0.208042328042328 0.197691197691198 0.218942961800105 0.204444444444444 0.22769758309828
temp_spectre.21 10500000 11500000 11000000.5 94 94 0.214420803782506 0.190844616376531 0.185527238718728 0.229078014184397 0.209368127115922
temp_spectre.22 1.1e+07 1.2e+07 11500000.5 108 108 0.260288065843621 0.225729517396184 0.213980463980464 0.264814814814815 0.241364477136835
temp_spectre.23 11500000 12500000 12000000.5 115 115 0.237874396135266 0.248748353096179 0.237649307214525 0.238840579710145 0.253577740746352
temp_spectre.24 1.2e+07 1.3e+07 12500000.5 67 67 0.187728026533997 0.259158751696065 0.234049532556995 0.1681592039801 0.243347721323695
temp_spectre.25 12500000 13500000 13000000.5 66 66 0.244781144781145 0.255739210284665 0.254079254079254 0.206060606060606 0.254267412803998
temp_spectre.26 1.3e+07 1.4e+07 13500000.5 108 108 0.284156378600823 0.270342312008979 0.271571021571022 0.234567901234568 0.279724265496623
temp_spectre.27 13500000 14500000 14000000.5 99 99 0.240179573512907 0.237526782981328 0.225885225885226 0.216835016835017 0.245627001724563
temp_spectre.28 1.4e+07 1.5e+07 14500000.5 86 86 0.156589147286822 0.180937279774489 0.163557372859698 0.148837209302326 0.169745833670961
temp_spectre.29 14500000 15500000 15000000.5 85 85 0.163921568627451 0.175935828877005 0.16961861667744 0.0933333333333333 0.1717974994876
temp_spectre.30 1.5e+07 1.6e+07 15500000.5 83 83 0.2190093708166 0.211573566995254 0.220045015225738 0.155020080321285 0.229657305178904
temp_spectre.31 15500000 16500000 16000000.5 80 80 0.228611111111111 0.231818181818182 0.236813186813187 0.229166666666667 0.252003484320558
temp_spectre.32 1.6e+07 1.7e+07 16500000.5 61 61 0.161020036429873 0.199453551912568 0.17906683480454 0.192349726775956 0.198301631728261
temp_spectre.33 16500000 17500000 17000000.5 79 79 0.162306610407876 0.248369773686229 0.220197523994992 0.186497890295359 0.239462503124127
temp_spectre.34 1.7e+07 1.8e+07 17500000.5 91 91 0.202686202686203 0.244422244422244 0.256370003622751 0.210989010989011 0.271611083457773
temp_spectre.35 17500000 18500000 18000000.5 89 89 0.193258426966292 0.208375893769152 0.235337696011853 0.133333333333333 0.239856973208576
temp_spectre.36 1.8e+07 1.9e+07 18500000.5 80 80 0.161388888888889 0.243560606060606 0.209340659340659 0.105833333333333 0.229065040650407
temp_spectre.37 18500000 19500000 19000000.5 87 87 0.127713920817369 0.213688610240334 0.191612984716433 0.129501915708812 0.193346416222783
temp_spectre.38 1.9e+07 2e+07 19500000.5 117 117 0.145679012345679 0.207070707070707 0.189161266084343 0.147578347578348 0.196740026008319
temp_spectre.39 19500000 20500000 20000000.5 105 105 0.172063492063492 0.251226551226551 0.19403453689168 0.196190476190476 0.240285382445661
temp_spectre.40 2e+07 2.1e+07 20500000.5 125 125 0.144711111111111 0.255393939393939 0.218285714285714 0.188266666666667 0.233059233449477
temp_spectre.41 20500000 21500000 21000000.5 144 144 0.125617283950617 0.257049663299663 0.205509768009768 0.182407407407407 0.212656471802813
temp_spectre.42 2.1e+07 2.2e+07 21500000.5 123 123 0.148690153568202 0.274821384577482 0.214777092825873 0.218428184281843 0.226575262268302
temp_spectre.43 21500000 22500000 22000000.5 84 84 0.194708994708995 0.262987012987013 0.228414442700157 0.233333333333333 0.23729329130026
temp_spectre.44 2.2e+07 2.3e+07 22500000.5 55 55 0.153939393939394 0.239118457300276 0.157442557442557 0.181818181818182 0.197423714496885
temp_spectre.45 22500000 23500000 23000000.5 88 88 0.139393939393939 0.211432506887052 0.119380619380619 0.147727272727273 0.166099144757681
temp_spectre.46 2.3e+07 2.4e+07 23500000.5 103 103 0.211650485436893 0.232127096204766 0.163874959991465 0.206472491909385 0.215712143251807
temp_spectre.47 23500000 24500000 24000000.5 83 83 0.234270414993307 0.251004016064257 0.198861379584271 0.219277108433735 0.24534374431524
temp_spectre.48 2.4e+07 2.5e+07 24500000.5 75 75 0.228740740740741 0.282020202020202 0.237216117216117 0.219555555555556 0.266790553619822
temp_spectre.49 24500000 25500000 25000000.5 73 73 0.195129375951294 0.273972602739726 0.240704500978474 0.182648401826484 0.249502808139627
temp_spectre.50 2.5e+07 2.6e+07 25500000.5 61 61 0.181056466302368 0.208395429706905 0.185011709601874 0.0786885245901639 0.18862931018069
temp_spectre.51 25500000 26500000 26000000.5 149 149 0.215063385533184 0.24405125076266 0.236005605133122 0.25503355704698 0.240207656151346
temp_spectre.52 2.6e+07 2.7e+07 26500000.5 150 150 0.180888888888889 0.222020202020202 0.217216117216117 0.301777777777778 0.225760743321719
temp_spectre.53 26500000 27500000 27000000.5 62 62 0.113978494623656 0.177663734115347 0.173520028358738 0.327956989247312 0.196789179873366
temp_spectre.54 2.7e+07 2.8e+07 27500000.5 66 66 0.158922558922559 0.283746556473829 0.276057276057276 0.282828282828283 0.270967514869954
temp_spectre.55 27500000 28500000 28000000.5 68 68 0.127450980392157 0.24331550802139 0.25759534583064 0.120588235294118 0.213448794151807
temp_spectre.56 2.8e+07 2.9e+07 28500000.5 70 70 0.0796825396825397 0.170995670995671 0.200156985871272 0.0647619047619048 0.157458105193297
temp_spectre.57 28500000 29500000 29000000.5 84 84 0.0925925925925926 0.199134199134199 0.164573521716379 0.0928571428571429 0.171409214092141
temp_spectre.58 2.9e+07 3e+07 29500000.5 93 93 0.0994026284348865 0.191593352883675 0.142030012997755 0.100358422939068 0.158755135938456
temp_spectre.59 29500000 30500000 30000000.5 62 62 0.139068100358423 0.157869012707722 0.1487061325771 0.152688172043011 0.163969128170544
temp_spectre.60 3e+07 3.1e+07 30500000.5 54 54 0.176954732510288 0.187149270482604 0.184778184778185 0.179012345679012 0.200455972813696
temp_spectre.61 30500000 31500000 31000000.5 80 80 0.1925 0.239393939393939 0.275961538461538 0.2 0.252526132404181
temp_spectre.62 3.1e+07 3.2e+07 31500000.5 74 74 0.205405405405405 0.251228501228501 0.282150282150282 0.204504504504504 0.2636783124588
temp_spectre.63 31500000 32500000 32000000.5 103 103 0.128155339805825 0.161370991468079 0.200149365197909 0.162459546925566 0.179876639265699
temp_spectre.64 3.2e+07 3.3e+07 32500000.5 118 118 0.104896421845574 0.156522855675398 0.163065747811511 0.12316384180791 0.15003248095435
temp_spectre.65 32500000 33500000 33000000.5 59 59 0.114124293785311 0.187211093990755 0.128888061091451 0.100564971751412 0.141872871513219
temp_spectre.66 3.3e+07 3.4e+07 33500000.5 49 49 0.151473922902494 0.235621521335807 0.208342677730433 0.161904761904762 0.216359714617554
temp_spectre.67 33500000 34500000 34000000.5 50 50 0.126222222222222 0.295151515151515 0.248131868131868 0.18 0.250220673635308
temp_spectre.68 3.4e+07 3.5e+07 34500000.5 63 63 0.127336860670194 0.285233285233285 0.256584685156114 0.225396825396825 0.249156573198385
temp_spectre.69 34500000 35500000 35000000.5 71 71 0.158059467918623 0.241570635936833 0.217768147345612 0.223474178403756 0.220902651682452
temp_spectre.70 3.5e+07 3.6e+07 35500000.5 74 74 0.150750750750751 0.178746928746929 0.146421146421146 0.13963963963964 0.15484822801896
temp_spectre.71 35500000 36500000 36000000.5 92 92 0.188888888888889 0.176548089591568 0.159340659340659 0.0992753623188406 0.17319345553704
temp_spectre.72 3.6e+07 3.7e+07 36500000.5 87 87 0.206896551724138 0.169104841518635 0.199444233926993 0.0934865900383142 0.191490781902893
temp_spectre.73 36500000 37500000 37000000.5 67 67 0.167495854063018 0.17345092718227 0.187797277349516 0.122388059701493 0.177925702497963
temp_spectre.74 3.7e+07 3.8e+07 37500000.5 51 51 0.174291938997821 0.228461081402258 0.170437405731523 0.198692810457516 0.199813258636788
temp_spectre.75 37500000 38500000 38000000.5 54 54 0.17037037037037 0.245230078563412 0.215099715099715 0.218518518518519 0.225233363444746
temp_spectre.76 3.8e+07 3.9e+07 38500000.5 63 63 0.205291005291005 0.226310726310726 0.213326356183499 0.197883597883598 0.221503235440518
temp_spectre.77 38500000 39500000 39000000.5 55 55 0.201212121212121 0.230578512396694 0.182617382617383 0.166060606060606 0.208974765072326
temp_spectre.78 3.9e+07 4e+07 39500000.5 30 30 0.193333333333333 0.298484848484849 0.215018315018315 0.173333333333333 0.250987224157956
temp_spectre.79 39500000 40500000 40000000.5 217 217 0.427035330261137 0.400502723083368 0.409378639793386 0.282642089093702 0.389462472636576
temp_spectre.80 4e+07 4.1e+07 40500000.5 286 286 0.387956487956488 0.342710319983047 0.371474679166987 0.24009324009324 0.349033080740398
temp_spectre.81 40500000 41500000 41000000.5 116 116 0.221455938697318 0.183516196447231 0.231527093596059 0.137931034482759 0.217940245904922
temp_spectre.82 4.1e+07 4.2e+07 41500000.5 96 96 0.143287037037037 0.226010101010101 0.193337912087912 0.217361111111111 0.217636953155246
temp_spectre.83 41500000 42500000 42000000.5 112 112 0.115873015873016 0.229707792207792 0.182594191522763 0.20297619047619 0.201945412311266
temp_spectre.84 4.2e+07 4.3e+07 42500000.5 74 74 0.0732732732732733 0.19000819000819 0.167805167805168 0.172072072072072 0.169334840066547
temp_spectre.85 42500000 43500000 43000000.5 61 61 0.162841530054645 0.231246895181321 0.214195640425149 0.148633879781421 0.230212676834028
temp_spectre.86 4.3e+07 4.4e+07 43500000.5 71 71 0.189671361502347 0.212974818608621 0.197802197802198 0.132394366197183 0.219544911746904
temp_spectre.87 43500000 44500000 44000000.5 59 59 0.164595103578154 0.175398048279404 0.168932762153101 0.188700564971751 0.19488572609697
temp_spectre.88 4.4e+07 4.5e+07 44500000.5 50 50 0.177777777777778 0.203636363636364 0.21032967032967 0.234666666666667 0.218652729384437
temp_spectre.89 44500000 45500000 45000000.5 52 52 0.231623931623932 0.215034965034965 0.265004226542688 0.216666666666667 0.242227284910212
temp_spectre.90 4.5e+07 4.6e+07 45500000.5 62 62 0.229749103942652 0.254154447702835 0.232896136121943 0.241935483870968 0.256153759694279
temp_spectre.91 45500000 46500000 46000000.5 63 63 0.231393298059965 0.292448292448292 0.253793825222397 0.296296296296296 0.281787511752669
temp_spectre.92 4.6e+07 4.7e+07 46500000.5 60 60 0.252962962962963 0.266666666666667 0.276739926739927 0.277777777777778 0.27138985675571
temp_spectre.93 46500000 47500000 47000000.5 69 69 0.284057971014493 0.258014931927975 0.287306896002548 0.199033816425121 0.277584204413473
temp_spectre.94 4.7e+07 4.8e+07 47500000.5 91 91 0.247130647130647 0.283216783216783 0.27701968361309 0.185347985347985 0.276448290385573
temp_spectre.95 47500000 48500000 48000000.5 80 80 0.1975 0.271969696969697 0.237774725274725 0.1825 0.247314169570267
temp_spectre.96 4.8e+07 4.9e+07 48500000.5 53 53 0.206289308176101 0.25242995997713 0.225585735019697 0.133333333333333 0.233975412530406
temp_spectre.97 48500000 49500000 49000000.5 70 70 0.172698412698413 0.238961038961039 0.239874411302983 0.135238095238095 0.222067363530778
temp_spectre.98 4.9e+07 5e+07 49500000.5 61 61 0.165755919854281 0.238698460009935 0.227346424067736 0.163934426229508 0.214656994345119
temp_spectre.99 49500000 50500000 50000000.5 35 35 0.165079365079365 0.28008658008658 0.171114599686028 0.116190476190476 0.199933631989381
temp_spectre.100 5e+07 5.1e+07 50500000.5 47 47 0.178250591016548 0.245325596389426 0.174187514613047 0.116312056737589 0.206513949637977
temp_spectre.101 50500000 51500000 51000000.5 57 57 0.166861598440546 0.254385964912281 0.202236360131097 0.181286549707602 0.235568596287467
temp_spectre.102 5.1e+07 5.2e+07 51500000.5 49 49 0.131519274376417 0.315708101422387 0.24198250728863 0.214965986394558 0.259498921519827
temp_spectre.103 51500000 52500000 52000000.5 36 36 0.108641975308642 0.252104377104377 0.188644688644689 0.177777777777778 0.198186862821009
temp_spectre.104 5.2e+07 5.3e+07 52500000.5 67 67 0.0786069651741294 0.217548620533695 0.204854846645891 0.0975124378109453 0.178653769480126
temp_spectre.105 52500000 53500000 53000000.5 82 82 0.139837398373984 0.242978566149298 0.221388367729831 0.120325203252033 0.205050848417892
temp_spectre.106 5.3e+07 5.4e+07 53500000.5 65 65 0.251282051282051 0.212354312354312 0.195097210481826 0.150769230769231 0.212865183596891
temp_spectre.107 53500000 54500000 54000000.5 71 71 0.229107981220657 0.163252240717029 0.134808853118712 0.122065727699531 0.173365395625787
temp_spectre.108 5.4e+07 5.5e+07 54500000.5 75 75 0.195851851851852 0.171313131313131 0.159413919413919 0.121777777777778 0.179419279907085
temp_spectre.109 54500000 55500000 55000000.5 77 77 0.159018759018759 0.249901613537977 0.196375053517911 0.119480519480519 0.210552513688402
temp_spectre.110 5.5e+07 5.6e+07 55500000.5 71 71 0.171830985915493 0.267392232180965 0.186658412010525 0.16150234741784 0.216813073563331
temp_spectre.111 55500000 56500000 56000000.5 87 87 0.164240102171137 0.208115639150122 0.192118226600985 0.160919540229885 0.200501955758474
temp_spectre.112 5.6e+07 5.7e+07 56500000.5 93 93 0.124253285543608 0.219778429455849 0.215526409074796 0.139068100358423 0.219836898829818
temp_spectre.113 56500000 57500000 57000000.5 72 72 0.171604938271605 0.211700336700337 0.224969474969475 0.176851851851852 0.240724609627049
temp_spectre.114 5.7e+07 5.8e+07 57500000.5 68 68 0.195751633986928 0.179367201426025 0.183742727860375 0.211764705882353 0.207402473184396
temp_spectre.115 57500000 58500000 58000000.5 57 57 0.161793372319688 0.170919723551302 0.137651821862348 0.201169590643275 0.174623550746786
temp_spectre.116 5.8e+07 5.9e+07 58500000.5 62 62 0.202867383512545 0.233137829912023 0.179546260191421 0.139784946236559 0.197201303810273
temp_spectre.117 58500000 59500000 59000000.5 74 74 0.198498498498498 0.234643734643735 0.22037422037422 0.121621621621622 0.211915748501114
temp_spectre.118 5.9e+07 6e+07 59500000.5 65 65 0.194188034188034 0.223543123543124 0.198140321217244 0.115897435897436 0.211382113821138
temp_spectre.119 59500000 60500000 60000000.5 43 43 0.205167958656331 0.227625088090204 0.171735241502683 0.144186046511628 0.212894687086406
temp_spectre.120 6e+07 6.1e+07 60500000.5 41 41 0.160433604336043 0.129342202512934 0.134548378450817 0.169105691056911 0.160618679357525
temp_spectre.121 60500000 61500000 61000000.5 72 72 0.17037037037037 0.164351851851852 0.200549450549451 0.207407407407407 0.191492450638792
temp_spectre.122 6.1e+07 6.2e+07 61500000.5 73 73 0.157686453576865 0.199667911996679 0.234231521902755 0.242922374429224 0.213354971123097
temp_spectre.123 61500000 62500000 62000000.5 60 60 0.11 0.238383838383838 0.227472527472527 0.212222222222222 0.217034456058846
temp_spectre.124 6.2e+07 6.3e+07 62500000.5 44 44 0.0727272727272727 0.258953168044077 0.217032967032967 0.207575757575758 0.208425720620843
temp_spectre.125 62500000 63500000 63000000.5 57 57 0.0596491228070175 0.233120680489102 0.216695585116638 0.244444444444444 0.212217535709192
temp_spectre.126 6.3e+07 6.4e+07 63500000.5 63 63 0.0751322751322751 0.204906204906205 0.189604046746904 0.197883597883598 0.195656582416164
temp_spectre.127 63500000 64500000 64000000.5 27 27 0.103703703703704 0.195286195286195 0.118030118030118 0.128395061728395 0.167849615004087
temp_spectre.128 6.4e+07 6.5e+07 64500000.5 41 41 0.0747967479674797 0.265705838876571 0.129187885285446 0.134959349593496 0.175065862156879
temp_spectre.129 64500000 65500000 65000000.5 49 49 0.0612244897959184 0.254483611626469 0.140165956492487 0.129251700680272 0.163502334731802
temp_spectre.130 6.5e+07 6.6e+07 65500000.5 35 35 0.0653968253968254 0.196536796536797 0.175196232339089 0.133333333333333 0.159382777501244
temp_spectre.131 65500000 66500000 66000000.5 32 32 0.0868055555555556 0.162405303030303 0.166895604395604 0.175 0.16260162601626
temp_spectre.132 6.6e+07 6.7e+07 66500000.5 24 24 0.174074074074074 0.123737373737374 0.146062271062271 0.138888888888889 0.162359659310879
temp_spectre.133 66500000 67500000 67000000.5 52 52 0.205982905982906 0.112179487179487 0.16356720202874 0.0461538461538461 0.161551862771375
temp_spectre.134 6.7e+07 6.8e+07 67500000.5 58 58 0.161302681992337 0.168234064785789 0.182644941265631 0.131034482758621 0.192138251431775
temp_spectre.135 67500000 68500000 68000000.5 30 30 0.173333333333333 0.263131313131313 0.234798534798535 0.244444444444444 0.258536585365854
temp_spectre.136 6.8e+07 6.9e+07 68500000.5 23 23 0.217391304347826 0.210803689064559 0.189679885332059 0.0695652173913043 0.209160228248245
temp_spectre.137 68500000 69500000 69000000.5 45 45 0.185185185185185 0.18956228956229 0.131623931623932 0.0488888888888889 0.168899212801652
temp_spectre.138 6.9e+07 7e+07 69500000.5 65 65 0.163076923076923 0.203030303030303 0.158579881656805 0.0974358974358974 0.179880282319307
temp_spectre.139 69500000 70500000 70000000.5 69 69 0.0898550724637681 0.223320158102767 0.211657907310081 0.164251207729469 0.196653705667491
temp_spectre.140 7e+07 7.1e+07 70500000.5 70 70 0.132380952380952 0.206709956709957 0.206279434850863 0.124761904761905 0.195171727227476
temp_spectre.141 70500000 71500000 71000000.5 65 65 0.161709401709402 0.192773892773893 0.154522400676247 0.0697435897435897 0.170892522112034
temp_spectre.142 7.1e+07 7.2e+07 71500000.5 65 65 0.154188034188034 0.217482517482517 0.176838546069315 0.169230769230769 0.189100330563745
temp_spectre.143 71500000 72500000 72000000.5 73 73 0.111111111111111 0.206517227065172 0.161222339304531 0.183561643835616 0.170906718851924
temp_spectre.144 7.2e+07 7.3e+07 72500000.5 61 61 0.0870673952641166 0.174118231495281 0.140335074761304 0.136612021857924 0.145617943298871
temp_spectre.145 72500000 73500000 73000000.5 48 48 0.190740740740741 0.21780303030303 0.23489010989011 0.176388888888889 0.22679539295393
temp_spectre.146 7.3e+07 7.4e+07 73500000.5 60 60 0.178148148148148 0.193939393939394 0.172527472527473 0.135555555555556 0.188366240805265
temp_spectre.147 73500000 74500000 74000000.5 44 44 0.142424242424242 0.147038567493113 0.133116883116883 0.0878787878787879 0.143965790307254
temp_spectre.148 7.4e+07 7.5e+07 74500000.5 40 40 0.185555555555556 0.172727272727273 0.16510989010989 0.148333333333333 0.193844367015099
temp_spectre.149 74500000 75500000 75000000.5 75 75 0.177777777777778 0.164444444444444 0.10021978021978 0.144888888888889 0.163763066202091
temp_spectre.150 7.5e+07 7.6e+07 75500000.5 74 74 0.151651651651652 0.162571662571663 0.0781110781110781 0.142342342342342 0.143155350472424
temp_spectre.151 75500000 76500000 76000000.5 44 44 0.147979797979798 0.127066115702479 0.0664335664335664 0.0984848484848485 0.118282124379685
temp_spectre.152 7.6e+07 7.7e+07 76500000.5 28 28 0.220634920634921 0.112554112554113 0.114992150706436 0 0.138086942093911
temp_spectre.153 76500000 77500000 77000000.5 65 65 0.202735042735043 0.0993006993006993 0.103465765004227 0.0205128205128205 0.130849638166711
temp_spectre.154 7.7e+07 7.8e+07 77500000.5 73 73 0.206088280060883 0.111041926110419 0.105524612373927 0.0557077625570776 0.138322753090545
temp_spectre.155 77500000 78500000 78000000.5 34 34 0.241176470588235 0.17156862745098 0.156431803490627 0.111764705882353 0.18675274988044
temp_spectre.156 7.8e+07 7.9e+07 78500000.5 32 32 0.241666666666667 0.180397727272727 0.180975274725275 0.141666666666667 0.208260743321719
temp_spectre.157 78500000 79500000 79000000.5 16 16 0.305555555555556 0.204545454545455 0.221840659340659 0.216666666666667 0.257331591173055
temp_spectre.158 79500000 80500000 80000000.5 8 8 0.0944444444444444 0.174242424242424 0.123626373626374 0.0833333333333333 0.122241579558653
temp_spectre.159 8e+07 8.1e+07 80500000.5 23 23 0.145893719806763 0.232542819499341 0.22360248447205 0.156521739130435 0.201080644346816
temp_spectre.160 80500000 81500000 81000000.5 33 33 0.121885521885522 0.236914600550964 0.176157176157176 0.119191919191919 0.179389715975082
temp_spectre.161 8.1e+07 8.2e+07 81500000.5 35 35 0.0952380952380952 0.218614718614719 0.0985871271585557 0.106666666666667 0.144383607101377
temp_spectre.162 81500000 82500000 82000000.5 30 30 0.0955555555555556 0.182323232323232 0.101465201465201 0.142222222222222 0.138869531552458
temp_spectre.163 8.2e+07 8.3e+07 82500000.5 39 39 0.238746438746439 0.285547785547786 0.24429416737109 0.27008547008547 0.249054468566664
temp_spectre.164 82500000 83500000 83000000.5 203 203 0.26360153256705 0.25824749962681 0.257294429708223 0.229228243021346 0.249675311672188
temp_spectre.165 8.3e+07 8.4e+07 83500000.5 198 198 0.249046015712682 0.242041628405265 0.239094239094239 0.205723905723906 0.236939663768932
temp_spectre.166 83500000 84500000 84000000.5 33 33 0.237710437710438 0.276400367309458 0.208458208458208 0.167676767676768 0.250519128567909
temp_spectre.167 8.4e+07 8.5e+07 84500000.5 25 25 0.362666666666667 0.386666666666667 0.346373626373626 0.194666666666667 0.357491289198606
temp_spectre.168 84500000 85500000 85000000.5 20 20 0.415555555555556 0.418181818181818 0.391758241758242 0.203333333333333 0.409988385598142
temp_spectre.169 8.5e+07 8.6e+07 85500000.5 14 14 0.36984126984127 0.327922077922078 0.302197802197802 0.219047619047619 0.339057574249212
temp_spectre.170 85500000 86500000 86000000.5 10 10 0.306666666666667 0.278787878787879 0.254945054945055 0.22 0.274448315911731
temp_spectre.171 8.6e+07 8.7e+07 86500000.5 70 70 0.291428571428571 0.281385281385281 0.259340659340659 0.223809523809524 0.266251866600299
temp_spectre.172 86500000 87500000 87000000.5 74 74 0.291891891891892 0.278050778050778 0.258093258093258 0.21981981981982 0.265216435948143
temp_spectre.173 8.7e+07 8.8e+07 87500000.5 36 36 0.216666666666667 0.24452861952862 0.240537240537241 0.207407407407407 0.236611175635566
temp_spectre.174 87500000 88500000 88000000.5 57 57 0.189083820662768 0.197767145135566 0.191632928475034 0.180116959064328 0.202640748211993
temp_spectre.175 8.8e+07 8.9e+07 88500000.5 57 57 0.240155945419103 0.268208399787347 0.229998072103335 0.292397660818713 0.258328748701021
temp_spectre.176 88500000 89500000 89000000.5 104 104 0.311111111111111 0.350524475524476 0.368448858833474 0.362179487179487 0.338180112570356
temp_spectre.177 8.9e+07 9e+07 89500000.5 79 79 0.319549929676512 0.335634829305715 0.382250660731673 0.337552742616034 0.338258427792235
temp_spectre.178 89500000 90500000 90000000.5 47 47 0.218439716312057 0.229529335912315 0.172784662146364 0.26241134751773 0.215731336644673
temp_spectre.179 9e+07 9.1e+07 90500000.5 84 84 0.148677248677249 0.197510822510822 0.148090005232862 0.203174603174603 0.169805320502185
temp_spectre.180 90500000 91500000 91000000.5 49 49 0.0816326530612245 0.150587507730365 0.107198923525454 0.161904761904762 0.121548270876295
temp_spectre.181 9.1e+07 9.2e+07 91500000.5 84 84 0.176719576719577 0.172438672438672 0.157770800627943 0.170634920634921 0.165242519772136
temp_spectre.182 91500000 92500000 92000000.5 111 111 0.236836836836837 0.208572208572209 0.200871200871201 0.221621621621622 0.209320819076917
temp_spectre.183 9.2e+07 9.3e+07 92500000.5 46 46 0.288405797101449 0.236166007905138 0.234113712374582 0.272463768115942 0.252083017724587
temp_spectre.184 92500000 93500000 93000000.5 16 16 0.130555555555556 0.127840909090909 0.10782967032967 0.116666666666667 0.139663182346109
temp_spectre.185 9.3e+07 9.4e+07 93500000.5 13 13 0.188034188034188 0.134032634032634 0.073541842772612 0.184615384615385 0.144375949253998
temp_spectre.186 93500000 94500000 94000000.5 12 12 0.253703703703704 0.172979797979798 0.155677655677656 0.233333333333333 0.20305845915602
temp_spectre.187 9.4e+07 9.5e+07 94500000.5 18 18 0.290123456790123 0.258417508417508 0.288156288156288 0.388888888888889 0.291586011098206
temp_spectre.188 94500000 95500000 95000000.5 33 33 0.325925925925926 0.24931129476584 0.273726273726274 0.37979797979798 0.291803047900609
temp_spectre.189 9.5e+07 9.6e+07 95500000.5 29 29 0.268965517241379 0.188610240334378 0.187192118226601 0.298850574712644 0.227321879130121
temp_spectre.190 95500000 96500000 96000000.5 26 26 0.138461538461538 0.18006993006993 0.114961961115807 0.176923076923077 0.151433931921737
temp_spectre.191 9.6e+07 9.7e+07 96500000.5 25 25 0.134222222222222 0.225454545454545 0.152087912087912 0.202666666666667 0.173797909407666
temp_spectre.192 96500000 97500000 97000000.5 41 41 0.18319783197832 0.222838137472284 0.164299115518628 0.198373983739837 0.186793575252826
temp_spectre.193 9.7e+07 9.8e+07 97500000.5 47 47 0.209456264775414 0.220502901353965 0.181201776946458 0.20709219858156 0.198334445350533
temp_spectre.194 97500000 98500000 98000000.5 25 25 0.187555555555556 0.158181818181818 0.163076923076923 0.2 0.173193960511034
temp_spectre.195 9.8e+07 9.9e+07 98500000.5 26 26 0.204273504273504 0.198135198135198 0.220202874049028 0.28974358974359 0.215983203788082
temp_spectre.196 98500000 99500000 99000000.5 98 98 0.228571428571429 0.261595547309833 0.270464229647903 0.276190476190476 0.248974851264548
temp_spectre.197 9.9e+07 1e+08 99500000.5 82 82 0.225474254742547 0.258314855875832 0.265076387027607 0.255284552845528 0.243052604742075
temp_spectre.198 1e+08 1.01e+08 100500000.5 13 13 0.0820512820512821 0.113053613053613 0.171597633136095 0.0666666666666667 0.119449656035022
temp_spectre.199 100500000 101500000 101000000.5 64 64 0.361111111111111 0.342566287878788 0.317479395604396 0.402083333333333 0.337325783972125
temp_spectre.200 1.01e+08 1.02e+08 101500000.5 54 54 0.418106995884774 0.381874298540965 0.337606837606838 0.460493827160494 0.376070030541575
temp_spectre.201 101500000 102500000 102000000.5 8 8 0.141666666666667 0.191287878787879 0.182692307692308 0.141666666666667 0.187282229965157
temp_spectre.202 1.02e+08 1.03e+08 102500000.5 10 10 0.08 0.16969696969697 0.131868131868132 0.18 0.146457607433217
temp_spectre.203 102500000 103500000 103000000.5 8 8 0.075 0.183712121212121 0.134615384615385 0.216666666666667 0.149535423925668
temp_spectre.204 1.03e+08 1.04e+08 103500000.5 73 73 0.173820395738204 0.265255292652553 0.251693511967485 0.262100456621005 0.233497207770512
temp_spectre.205 103500000 104500000 104000000.5 80 80 0.194444444444444 0.254545454545455 0.248489010989011 0.2525 0.232897793263647
temp_spectre.206 1.04e+08 1.05e+08 104500000.5 38 38 0.255555555555556 0.229665071770335 0.209947946790052 0.256140350877193 0.233113270982334
temp_spectre.207 104500000 105500000 105000000.5 36 36 0.225308641975309 0.227272727272727 0.187728937728938 0.25 0.217737772615821
temp_spectre.208 1.05e+08 1.06e+08 105500000.5 18 18 0.302469135802469 0.313131313131313 0.302197802197802 0.337037037037037 0.299845141308556
temp_spectre.209 105500000 106500000 106000000.5 47 47 0.325295508274232 0.319793681495809 0.319850362403554 0.324822695035461 0.313366446734376
temp_spectre.210 1.06e+08 1.07e+08 106500000.5 40 40 0.306666666666667 0.292424242424242 0.287362637362637 0.291666666666667 0.288763066202091
temp_spectre.211 106500000 107500000 107000000.5 35 35 0.194285714285714 0.238961038961039 0.207221350078493 0.287619047619048 0.215928322548532
temp_spectre.212 1.07e+08 1.08e+08 107500000.5 39 39 0.16011396011396 0.228049728049728 0.189630881938574 0.252991452991453 0.196759879686709
temp_spectre.213 107500000 108500000 108000000.5 7 7 0.0285714285714286 0.177489177489178 0.097331240188383 0.123809523809524 0.115812178529949
temp_spectre.214 1.08e+08 1.09e+08 108500000.5 17 17 0.0797385620915033 0.204991087344029 0.120879120879121 0.113725490196078 0.139714422354308
temp_spectre.215 108500000 109500000 109000000.5 34 34 0.113071895424837 0.188948306595365 0.13639301874596 0.184313725490196 0.15320762451322
temp_spectre.216 1.09e+08 1.1e+08 109500000.5 20 20 0.162222222222222 0.195454545454545 0.180769230769231 0.27 0.188734030197445
temp_spectre.217 109500000 110500000 110000000.5 14 14 0.122222222222222 0.202380952380952 0.131868131868132 0.19047619047619 0.157955865272938
temp_spectre.218 1.1e+08 1.11e+08 110500000.5 21 21 0.0931216931216931 0.222943722943723 0.127158555729984 0.292063492063492 0.176538908246225
temp_spectre.219 110500000 111500000 111000000.5 88 88 0.228535353535354 0.273415977961433 0.250124875124875 0.3 0.256995037482842
temp_spectre.220 1.11e+08 1.12e+08 111500000.5 154 154 0.244155844155844 0.274793388429752 0.254317111459969 0.262337662337662 0.254362942516253
temp_spectre.221 111500000 112500000 112000000.5 108 108 0.234979423868313 0.281004489337823 0.251729751729752 0.195061728395062 0.253462812405902
temp_spectre.222 1.12e+08 1.13e+08 112500000.5 61 61 0.183606557377049 0.215598609041232 0.219600072059088 0.0819672131147541 0.210087393613983
temp_spectre.223 112500000 113500000 113000000.5 55 55 0.163232323232323 0.169972451790634 0.19040959040959 0.128484848484848 0.173413578291627
temp_spectre.224 1.13e+08 1.14e+08 113500000.5 55 55 0.156363636363636 0.199449035812672 0.152047952047952 0.126060606060606 0.165473550839405
temp_spectre.225 113500000 114500000 114000000.5 46 46 0.152173913043478 0.19137022397892 0.103678929765886 0.091304347826087 0.142074433166692
temp_spectre.226 1.14e+08 1.15e+08 114500000.5 38 38 0.157309941520468 0.194178628389155 0.121746674378253 0.0719298245614035 0.152270921205453
temp_spectre.227 114500000 115500000 115000000.5 50 50 0.206666666666667 0.257878787878788 0.216043956043956 0.166666666666667 0.218536585365854
temp_spectre.228 1.15e+08 1.16e+08 115500000.5 52 52 0.232051282051282 0.25 0.211327134404057 0.219230769230769 0.23242204949522
temp_spectre.229 115500000 116500000 116000000.5 48 48 0.228240740740741 0.221906565656566 0.134157509157509 0.130555555555556 0.201267905536198
temp_spectre.230 1.16e+08 1.17e+08 116500000.5 49 49 0.210884353741497 0.263450834879406 0.141511549674815 0.14421768707483 0.2085377705089
temp_spectre.231 116500000 117500000 117000000.5 53 53 0.180293501048218 0.205546026300743 0.15011403690649 0.140880503144654 0.185545548177854
temp_spectre.232 1.17e+08 1.18e+08 117500000.5 97 97 0.183963344788087 0.164011246485473 0.227143990030588 0.162886597938144 0.197648382963947
temp_spectre.233 117500000 118500000 118000000.5 149 149 0.176286353467562 0.222188326215172 0.225164097647319 0.194183445190157 0.209620466290952
temp_spectre.234 1.18e+08 1.19e+08 118500000.5 110 110 0.151313131313131 0.268732782369146 0.201998001998002 0.198787878787879 0.210896420652518
temp_spectre.235 118500000 119500000 119000000.5 53 53 0.132914046121593 0.214408233276158 0.165042504665146 0.183647798742138 0.183485635395437
temp_spectre.236 1.19e+08 1.2e+08 119500000.5 49 49 0.166439909297052 0.159554730983302 0.107871720116618 0.119727891156463 0.148095475123847
temp_spectre.237 119500000 120500000 120000000.5 56 56 0.201587301587302 0.228896103896104 0.135204081632653 0.110714285714286 0.195827111332338
temp_spectre.238 1.2e+08 1.21e+08 120500000.5 70 70 0.174285714285714 0.2504329004329 0.176138147566719 0.156190476190476 0.212809026049444
temp_spectre.239 120500000 121500000 121000000.5 69 69 0.128180354267311 0.192138779095301 0.171205605988215 0.16231884057971 0.174721001868404
temp_spectre.240 1.21e+08 1.22e+08 121500000.5 65 65 0.131282051282051 0.179254079254079 0.167371090448014 0.115897435897436 0.165603502188868
temp_spectre.241 121500000 122500000 122000000.5 66 66 0.155892255892256 0.224058769513315 0.157176157176157 0.0737373737373737 0.181782986661035
temp_spectre.242 1.22e+08 1.23e+08 122500000.5 61 61 0.15591985428051 0.216343765524093 0.115654836966312 0.0655737704918033 0.163801146208183
temp_spectre.243 122500000 123500000 123000000.5 89 89 0.161048689138577 0.188287368062649 0.177799728361526 0.0898876404494382 0.17733495151966
temp_spectre.244 1.23e+08 1.24e+08 123500000.5 131 131 0.189143341815098 0.210501966227157 0.202919218186394 0.116030534351145 0.197480295413641
temp_spectre.245 123500000 124500000 124000000.5 103 103 0.173462783171521 0.236834363047955 0.210818307905687 0.142394822006472 0.212261651049243
temp_spectre.246 1.24e+08 1.25e+08 124500000.5 86 86 0.141085271317829 0.309548978153629 0.265525172501917 0.235658914728682 0.260257137455095
temp_spectre.247 124500000 125500000 125000000.5 108 108 0.203086419753086 0.319584736251403 0.272588522588523 0.291975308641975 0.272712608078462
temp_spectre.248 1.25e+08 1.26e+08 125500000.5 82 82 0.200271002710027 0.237065779748707 0.237201822567676 0.258536585365854 0.23081499107674
temp_spectre.249 125500000 126500000 126000000.5 71 71 0.106729264475743 0.145113102859582 0.13682092555332 0.146478873239437 0.141417611359212
temp_spectre.250 1.26e+08 1.27e+08 126500000.5 72 72 0.139814814814815 0.170244107744108 0.0998168498168498 0.122222222222222 0.143050716221448
temp_spectre.251 126500000 127500000 127000000.5 60 60 0.177407407407407 0.188888888888889 0.145787545787546 0.168888888888889 0.183488192024777
temp_spectre.252 1.27e+08 1.28e+08 127500000.5 70 70 0.134920634920635 0.156709956709957 0.154160125588697 0.167619047619048 0.159863945578231
temp_spectre.253 127500000 128500000 128000000.5 66 66 0.128619528619529 0.151056014692378 0.127039627039627 0.126262626262626 0.145109632914511
temp_spectre.254 1.28e+08 1.29e+08 128500000.5 61 61 0.127868852459016 0.173124689518132 0.135471086290758 0.130054644808743 0.162087545934007
temp_spectre.255 128500000 129500000 129000000.5 55 55 0.134949494949495 0.177685950413223 0.15024975024975 0.155151515151515 0.175799809946151
temp_spectre.256 1.29e+08 1.3e+08 129500000.5 39 39 0.162393162393162 0.213675213675214 0.183150183150183 0.191452991452991 0.215164239554483
temp_spectre.257 129500000 130500000 130000000.5 54 54 0.203292181069959 0.269921436588103 0.194953194953195 0.228395061728395 0.240482642921667
temp_spectre.258 1.3e+08 1.31e+08 130500000.5 64 64 0.212152777777778 0.243607954545455 0.203811813186813 0.202083333333333 0.245444976771196
temp_spectre.259 130500000 131500000 131000000.5 71 71 0.250391236306729 0.232394366197183 0.23510292524377 0.0647887323943662 0.260309826438305
temp_spectre.260 1.31e+08 1.32e+08 131500000.5 79 79 0.231786216596343 0.253931722286153 0.236889692585895 0.029535864978903 0.244108263867449
temp_spectre.261 131500000 132500000 132000000.5 92 92 0.194927536231884 0.257411067193676 0.190157668418538 0.0971014492753623 0.213932232490027
temp_spectre.262 1.32e+08 1.33e+08 132500000.5 75 75 0.197925925925926 0.270707070707071 0.232673992673993 0.153777777777778 0.245001935733643
temp_spectre.263 132500000 133500000 133000000.5 45 45 0.224691358024691 0.25959595959596 0.318437118437118 0.245925925925926 0.289482513872758
temp_spectre.264 1.33e+08 1.34e+08 133500000.5 38 38 0.301754385964912 0.29585326953748 0.281954887218045 0.291228070175439 0.298826334128003
temp_spectre.265 133500000 134500000 134000000.5 66 66 0.142760942760943 0.265151515151515 0.250915750915751 0.246464646464646 0.24837222398198
temp_spectre.266 1.34e+08 1.35e+08 134500000.5 108 108 0.1440329218107 0.219416386083053 0.215404965404965 0.240123456790123 0.223964382500968
temp_spectre.267 134500000 135500000 135000000.5 100 100 0.194444444444444 0.213333333333333 0.235824175824176 0.197333333333333 0.229883855981417
temp_spectre.268 1.35e+08 1.36e+08 135500000.5 158 158 0.255414908579466 0.227368622938243 0.240575879816386 0.243881856540084 0.247489672003411
temp_spectre.269 135500000 136500000 136000000.5 148 148 0.254654654654655 0.251126126126126 0.247178497178497 0.300900900900901 0.266283705308096
temp_spectre.270 1.36e+08 1.37e+08 136500000.5 67 67 0.18407960199005 0.268430574400724 0.269476791864852 0.286567164179104 0.270754242723664
temp_spectre.271 136500000 137500000 137000000.5 67 67 0.137645107794362 0.219583898688376 0.192389699852386 0.250746268656716 0.209284587515385
temp_spectre.272 1.37e+08 1.38e+08 137500000.5 86 86 0.126614987080103 0.245066948555321 0.182724252491694 0.272868217054264 0.212962212678605
temp_spectre.273 137500000 138500000 138000000.5 71 71 0.165571205007825 0.250320102432779 0.196873548986225 0.258215962441315 0.228803716608595
temp_spectre.274 1.38e+08 1.39e+08 138500000.5 51 51 0.206100217864924 0.235888294711824 0.223227752639517 0.192156862745098 0.227642276422764
temp_spectre.275 138500000 139500000 139000000.5 54 54 0.188888888888889 0.241863075196409 0.201668701668702 0.162962962962963 0.206177141136491
temp_spectre.276 1.39e+08 1.4e+08 139500000.5 43 43 0.209302325581395 0.287174066243834 0.212369026322515 0.218604651162791 0.240607190125057
temp_spectre.277 139500000 140500000 140000000.5 39 39 0.256980056980057 0.312354312354312 0.302338686954072 0.288888888888889 0.305458768873403
temp_spectre.278 1.4e+08 1.41e+08 140500000.5 39 39 0.202279202279202 0.258352758352758 0.267117497886729 0.213675213675214 0.253342863098961
temp_spectre.279 140500000 141500000 141000000.5 77 77 0.208080808080808 0.304210940574577 0.279006707578136 0.294372294372294 0.285322111106083
temp_spectre.280 1.41e+08 1.42e+08 141500000.5 92 92 0.208212560386473 0.272562582345191 0.236383182035356 0.242753623188406 0.253686310155027
temp_spectre.281 141500000 142500000 142000000.5 62 62 0.170250896057348 0.178885630498534 0.159340659340659 0.0666666666666667 0.163538271327414
temp_spectre.282 1.42e+08 1.43e+08 142500000.5 120 120 0.202777777777778 0.170707070707071 0.192765567765568 0.15 0.184649632210608
temp_spectre.283 142500000 143500000 143000000.5 133 133 0.182623224728488 0.174982911825017 0.164504668264067 0.153884711779449 0.170941290508501
temp_spectre.284 1.43e+08 1.44e+08 143500000.5 75 75 0.200592592592593 0.253535353535354 0.211135531135531 0.0791111111111111 0.21993031358885
temp_spectre.285 143500000 144500000 144000000.5 60 60 0.248518518518519 0.313131313131313 0.288461538461538 0.171111111111111 0.291947348044909
temp_spectre.286 1.44e+08 1.45e+08 144500000.5 47 47 0.195271867612293 0.252740167633785 0.224690203413608 0.297872340425532 0.246077050436158
temp_spectre.287 144500000 145500000 145000000.5 72 72 0.187345679012346 0.261153198653199 0.239316239316239 0.214814814814815 0.237611304684475
temp_spectre.288 1.45e+08 1.46e+08 145500000.5 78 78 0.203133903133903 0.265734265734266 0.233305156382079 0.238461538461538 0.244259805235415
temp_spectre.289 145500000 146500000 146000000.5 67 67 0.216252072968491 0.200814111261872 0.164999179924553 0.172139303482587 0.19857160192071
temp_spectre.290 1.46e+08 1.47e+08 146500000.5 64 64 0.163194444444444 0.192945075757576 0.165350274725275 0.0708333333333333 0.167682926829268
temp_spectre.291 146500000 147500000 147000000.5 45 45 0.12641975308642 0.178114478114478 0.202442002442002 0.117037037037037 0.189159891598916
temp_spectre.292 1.47e+08 1.48e+08 147500000.5 69 69 0.125925925925926 0.216293368467282 0.234750756489887 0.129468599033816 0.222087562490532
temp_spectre.293 147500000 148500000 148000000.5 89 89 0.123845193508115 0.222505958461015 0.225953821459439 0.128838951310861 0.208993984000835
temp_spectre.294 1.48e+08 1.49e+08 148500000.5 70 70 0.131428571428571 0.167748917748918 0.159811616954474 0.121904761904762 0.16231956197113
temp_spectre.295 148500000 149500000 149000000.5 61 61 0.156284153005464 0.178092399403875 0.142676995136012 0.100546448087432 0.159555225528836
temp_spectre.296 1.49e+08 1.5e+08 149500000.5 66 66 0.194949494949495 0.202938475665748 0.178821178821179 0.119191919191919 0.187572590011614
temp_spectre.297 149500000 150500000 150000000.5 58 58 0.160536398467433 0.188871473354232 0.195149677908299 0.145977011494253 0.200869077656294
temp_spectre.298 1.5e+08 1.51e+08 150500000.5 66 66 0.147811447811448 0.211202938475666 0.228438228438228 0.177777777777778 0.222556576215113
temp_spectre.299 150500000 151500000 151000000.5 78 78 0.256410256410256 0.279137529137529 0.248520710059172 0.192307692307692 0.266595193424462
temp_spectre.300 1.51e+08 1.52e+08 151500000.5 76 76 0.25 0.294457735247209 0.228166570271833 0.186842105263158 0.259016443547894
temp_spectre.301 151500000 152500000 152000000.5 73 73 0.133637747336377 0.224989622249896 0.19644738822821 0.187214611872146 0.200356387125515
temp_spectre.302 1.52e+08 1.53e+08 152500000.5 84 84 0.197354497354497 0.190295815295815 0.165096807953951 0.183333333333333 0.199242298545434
temp_spectre.303 152500000 153500000 153000000.5 101 101 0.215621562156216 0.192469246924692 0.117832662387118 0.174917491749175 0.186669886500845
temp_spectre.304 1.53e+08 1.54e+08 153500000.5 72 72 0.176543209876543 0.197180134680135 0.116910866910867 0.175 0.176248548199768
temp_spectre.305 153500000 154500000 154000000.5 55 55 0.22020202020202 0.253168044077135 0.196003996003996 0.156363636363636 0.226924295216978
temp_spectre.306 1.54e+08 1.55e+08 154500000.5 56 56 0.212698412698413 0.22267316017316 0.167582417582418 0.128571428571429 0.201696532271445
temp_spectre.307 154500000 155500000 155000000.5 75 75 0.135703703703704 0.188282828282828 0.193553113553114 0.165333333333333 0.181014324428959
temp_spectre.308 1.55e+08 1.56e+08 155500000.5 97 97 0.172737686139748 0.211027803811309 0.240512065254333 0.232302405498282 0.227905695846355
temp_spectre.309 155500000 156500000 156000000.5 71 71 0.195618153364632 0.195689287238583 0.246246711035443 0.233802816901408 0.239452978030786
temp_spectre.310 1.56e+08 1.57e+08 156500000.5 83 83 0.166532797858099 0.15188024826579 0.175559380378657 0.123694779116466 0.173208513496495
temp_spectre.311 156500000 157500000 157000000.5 123 123 0.230171635049684 0.197216063069722 0.196283391405343 0.178319783197832 0.21564072783585
temp_spectre.312 1.57e+08 1.58e+08 157500000.5 129 129 0.239965546942291 0.254052149400987 0.223017292784735 0.246511627906977 0.25318495709874
temp_spectre.313 157500000 158500000 158000000.5 108 108 0.190534979423868 0.262766554433221 0.218050468050468 0.243827160493827 0.250903342366757
temp_spectre.314 1.58e+08 1.59e+08 158500000.5 82 82 0.155013550135501 0.260347376201035 0.24202626641651 0.240650406504065 0.256947395257925
temp_spectre.315 158500000 159500000 159000000.5 80 80 0.194444444444444 0.231628787878788 0.217032967032967 0.243333333333333 0.234451219512195
temp_spectre.316 1.59e+08 1.6e+08 159500000.5 101 101 0.218921892189219 0.242274227422742 0.212055271461212 0.241584158415842 0.234806407470015
temp_spectre.317 159500000 160500000 160000000.5 106 106 0.165828092243187 0.258862206975415 0.228592162554427 0.250943396226415 0.23877457103412
temp_spectre.318 1.6e+08 1.61e+08 160500000.5 100 100 0.119111111111111 0.210151515151515 0.194505494505494 0.212 0.207770034843206
temp_spectre.319 160500000 161500000 161000000.5 112 112 0.167460317460317 0.184659090909091 0.182299843014129 0.17202380952381 0.215136054421769
temp_spectre.320 1.61e+08 1.62e+08 161500000.5 98 98 0.213605442176871 0.22387136672851 0.224489795918367 0.172108843537415 0.243535044679893
temp_spectre.321 161500000 162500000 162000000.5 66 66 0.237037037037037 0.289715335169881 0.285214785214785 0.236363636363636 0.281086122549537
temp_spectre.322 1.62e+08 1.63e+08 162500000.5 69 69 0.227053140096618 0.227492314448836 0.222646918299092 0.241545893719807 0.251998855392281
temp_spectre.323 162500000 163500000 163000000.5 91 91 0.245665445665446 0.246087246087246 0.266634464436662 0.257875457875458 0.268662812216819
temp_spectre.324 1.63e+08 1.64e+08 163500000.5 102 102 0.25119825708061 0.242275698158051 0.277634130575307 0.265359477124183 0.26882785634579
temp_spectre.325 163500000 164500000 164000000.5 98 98 0.179591836734694 0.206400742115028 0.211818793451447 0.179591836734694 0.21714190902842
temp_spectre.326 1.64e+08 1.65e+08 164500000.5 118 118 0.186629001883239 0.257318952234206 0.234773700875396 0.214689265536723 0.2463631173842
temp_spectre.327 164500000 165500000 165000000.5 96 96 0.208101851851852 0.27209595959596 0.263163919413919 0.277083333333333 0.270046941540844
temp_spectre.328 1.65e+08 1.66e+08 165500000.5 76 76 0.190058479532164 0.275717703349282 0.255783689994216 0.3 0.276514456873892
temp_spectre.329 165500000 166500000 166000000.5 127 127 0.223972003499563 0.25960391314722 0.244959764644804 0.237270341207349 0.261653268951137
temp_spectre.330 1.66e+08 1.67e+08 166500000.5 121 121 0.223140495867769 0.251940896568996 0.252838071019889 0.185123966942149 0.252224493909638
temp_spectre.331 166500000 167500000 167000000.5 105 105 0.195343915343915 0.256277056277056 0.239979068550497 0.157460317460317 0.244765223162436
temp_spectre.332 1.67e+08 1.68e+08 167500000.5 98 98 0.194104308390023 0.245361781076067 0.210585333034313 0.136054421768707 0.23576050629311
temp_spectre.333 167500000 168500000 168000000.5 84 84 0.172751322751323 0.20021645021645 0.18301936159079 0.145238095238095 0.204454952712792
temp_spectre.334 1.68e+08 1.69e+08 168500000.5 76 76 0.204385964912281 0.199561403508772 0.200983227299017 0.169298245614035 0.211305703282597
temp_spectre.335 168500000 169500000 169000000.5 106 106 0.206918238993711 0.247141223556318 0.210864607091022 0.191823899371069 0.247901737777486
temp_spectre.336 1.69e+08 1.7e+08 169500000.5 107 107 0.195430944963655 0.24440668365902 0.199548115435966 0.190654205607477 0.234415535076579
temp_spectre.337 169500000 170500000 170000000.5 40 40 0.248888888888889 0.238636363636364 0.209615384615385 0.163333333333333 0.219018583042973
temp_spectre.338 1.7e+08 1.71e+08 170500000.5 66 66 0.223905723905724 0.211662075298439 0.18031968031968 0.15959595959596 0.19417168197656
temp_spectre.339 170500000 171500000 171000000.5 104 104 0.242948717948718 0.247960372960373 0.209953508030431 0.169230769230769 0.221589386223533
temp_spectre.340 1.71e+08 1.72e+08 171500000.5 51 51 0.283660130718954 0.306892453951278 0.25016160310278 0.197385620915033 0.2660381225661
temp_spectre.341 171500000 172500000 172000000.5 6 6 0.314814814814815 0.285353535353535 0.115384615384615 0.222222222222222 0.225512969415408
