low_bound_theta upper_bound_theta mid_wind_theta Nmb_Positions_theta Nb_SNP_theta pop1 pop2 pop3 pop4 pop1+pop2+pop3+pop4
temp_spectre 0 1e+06 500000.5 96 96 0.165046296296296 0.230587121212121 0.207760989010989 0.243055555555556 0.220927700348432
temp_spectre.1 5e+05 1500000 1000000.5 70 70 0.212698412698413 0.241341991341991 0.190737833594976 0.231428571428571 0.239206902273104
temp_spectre.2 1e+06 2e+06 1500000.5 64 64 0.245486111111111 0.304214015151515 0.281078296703297 0.244791666666667 0.29006968641115
temp_spectre.3 1500000 2500000 2000000.5 52 52 0.225213675213675 0.313519813519814 0.300084530853762 0.188461538461538 0.281202537300098
temp_spectre.4 2e+06 3e+06 2500000.5 44 44 0.221717171717172 0.212465564738292 0.215284715284715 0.181818181818182 0.223946784922395
temp_spectre.5 2500000 3500000 3000000.5 46 46 0.209661835748792 0.233530961791831 0.277114190157668 0.218840579710145 0.267737211533606
temp_spectre.6 3e+06 4e+06 3500000.5 45 45 0.219259259259259 0.244781144781145 0.261538461538462 0.299259259259259 0.266666666666667
temp_spectre.7 3500000 4500000 4000000.5 41 41 0.245528455284553 0.225794530672579 0.196462074510855 0.308943089430894 0.234922523441262
temp_spectre.8 4e+06 5e+06 4500000.5 55 55 0.23030303030303 0.200826446280992 0.201198801198801 0.193939393939394 0.208636891563721
temp_spectre.9 4500000 5500000 5000000.5 104 104 0.196794871794872 0.215909090909091 0.204881656804734 0.182051282051282 0.201130170642366
temp_spectre.10 5e+06 6e+06 5500000.5 198 198 0.209090909090909 0.244337312519131 0.222388722388722 0.200673400673401 0.219506329262427
temp_spectre.11 5500000 6500000 6000000.5 398 398 0.203070910106086 0.239645195675346 0.209619526202441 0.171189279731993 0.206467879467022
temp_spectre.12 6e+06 7e+06 6500000.5 313 313 0.191622293219737 0.225094394423468 0.196397851349928 0.156762513312034 0.193700764027266
temp_spectre.13 6500000 7500000 7000000.5 76 76 0.189766081871345 0.186802232854864 0.187825332562175 0.156140350877193 0.191958554923895
temp_spectre.14 7e+06 8e+06 7500000.5 97 97 0.20893470790378 0.251796313651984 0.263509686190099 0.206185567010309 0.250871080139373
temp_spectre.15 7500000 8500000 8000000.5 102 102 0.230718954248366 0.286838978015449 0.261581555699203 0.245751633986928 0.273188950376899
temp_spectre.16 8e+06 9e+06 8500000.5 283 283 0.201491951315273 0.205750080308384 0.191201025123287 0.216018845700824 0.200490021053668
temp_spectre.17 8500000 9500000 9000000.5 394 394 0.212182741116751 0.192470389170897 0.196853907513806 0.213536379018613 0.198591532688351
temp_spectre.18 9e+06 1e+07 9500000.5 168 168 0.237830687830688 0.187950937950938 0.207875457875458 0.208730158730159 0.208907140091809
temp_spectre.19 9500000 10500000 10000000.5 46 46 0.242028985507246 0.1366930171278 0.21213569039656 0.155072463768116 0.213275766298036
temp_spectre.20 1e+07 1.1e+07 10500000.5 72 72 0.21820987654321 0.172558922558923 0.184676434676435 0.206481481481481 0.220867208672087
temp_spectre.21 10500000 11500000 11000000.5 83 83 0.170013386880857 0.222161372763782 0.20389249304912 0.273895582329317 0.236639939549137
temp_spectre.22 1.1e+07 1.2e+07 11500000.5 72 72 0.153703703703704 0.219486531986532 0.23046398046398 0.272222222222222 0.244079881275003
temp_spectre.23 11500000 12500000 12000000.5 90 90 0.179753086419753 0.211952861952862 0.183028083028083 0.195555555555556 0.207278358497871
temp_spectre.24 1.2e+07 1.3e+07 12500000.5 93 93 0.189008363201912 0.239654610622353 0.205719012170625 0.207885304659498 0.224832340489304
temp_spectre.25 12500000 13500000 13000000.5 252 252 0.186067019400353 0.264670514670515 0.229635443921158 0.171428571428571 0.223291484615526
temp_spectre.26 1.3e+07 1.4e+07 13500000.5 279 279 0.198725607327758 0.270283479960899 0.232147780534877 0.182078853046595 0.226168621133216
temp_spectre.27 13500000 14500000 14000000.5 96 96 0.233101851851852 0.283301767676768 0.263621794871795 0.275 0.265449574138599
temp_spectre.28 1.4e+07 1.5e+07 14500000.5 31 31 0.2 0.294232649071359 0.269053527118043 0.331182795698925 0.27994455059758
temp_spectre.29 14500000 15500000 15000000.5 14 14 0.171428571428571 0.268398268398268 0.271585557299843 0.238095238095238 0.273104363696698
temp_spectre.30 1.5e+07 1.6e+07 15500000.5 58 58 0.167816091954023 0.264890282131661 0.25161045850701 0.182758620689655 0.260462974087869
temp_spectre.31 15500000 16500000 16000000.5 85 85 0.162875816993464 0.25632798573975 0.249644473173885 0.136470588235294 0.260709161713466
temp_spectre.32 1.6e+07 1.7e+07 16500000.5 63 63 0.155908289241623 0.244588744588745 0.223617652189081 0.134391534391534 0.245340412587799
temp_spectre.33 16500000 17500000 17000000.5 67 67 0.178441127694859 0.276345545002261 0.24192225684763 0.260696517412935 0.25934786000312
temp_spectre.34 1.7e+07 1.8e+07 17500000.5 84 84 0.179100529100529 0.248196248196248 0.243197278911565 0.20952380952381 0.239477904983131
temp_spectre.35 17500000 18500000 18000000.5 98 98 0.177551020408163 0.252164502164502 0.213164386633774 0.193877551020408 0.224892744554268
temp_spectre.36 1.8e+07 1.9e+07 18500000.5 88 88 0.187121212121212 0.260847107438017 0.226898101898102 0.249242424242424 0.242952169781438
temp_spectre.37 18500000 19500000 19000000.5 66 66 0.187878787878788 0.217860422405877 0.203296703296703 0.217171717171717 0.211575687185443
temp_spectre.38 1.9e+07 2e+07 19500000.5 71 71 0.1981220657277 0.219163465642339 0.173657328586906 0.157746478873239 0.199473262338257
temp_spectre.39 19500000 20500000 20000000.5 79 79 0.223347398030942 0.234944380514001 0.204896369453331 0.210970464135021 0.229112453873182
temp_spectre.40 2e+07 2.1e+07 20500000.5 88 88 0.220959595959596 0.248106060606061 0.206043956043956 0.207575757575758 0.228486960194277
temp_spectre.41 20500000 21500000 21000000.5 73 73 0.205783866057839 0.211706102117061 0.161372873701641 0.131506849315068 0.190794393266829
temp_spectre.42 2.1e+07 2.2e+07 21500000.5 57 57 0.158284600389864 0.129186602870813 0.123192596876807 0.12046783625731 0.143651812457974
temp_spectre.43 21500000 22500000 22000000.5 65 65 0.104957264957265 0.152447552447552 0.166018596787828 0.169230769230769 0.163745197891539
temp_spectre.44 2.2e+07 2.3e+07 22500000.5 86 86 0.162790697674419 0.229563072586328 0.192946588295426 0.203100775193798 0.207992329092726
temp_spectre.45 22500000 23500000 23000000.5 95 95 0.20046783625731 0.225677830940989 0.190167727009832 0.187368421052632 0.208680237178312
temp_spectre.46 2.3e+07 2.4e+07 23500000.5 72 72 0.19537037037037 0.224537037037037 0.212454212454212 0.144444444444444 0.214059878694025
temp_spectre.47 23500000 24500000 24000000.5 73 73 0.148249619482496 0.209630552096306 0.169652265542677 0.146118721461187 0.190858033824957
temp_spectre.48 2.4e+07 2.5e+07 24500000.5 70 70 0.147936507936508 0.20952380952381 0.163579277864992 0.155238095238095 0.19374481499917
temp_spectre.49 24500000 25500000 25000000.5 58 58 0.151724137931035 0.251567398119122 0.208222811671088 0.111494252873563 0.211081741359286
temp_spectre.50 2.5e+07 2.6e+07 25500000.5 67 67 0.144610281923715 0.202849389416554 0.173035919304576 0.12636815920398 0.180335257510358
temp_spectre.51 25500000 26500000 26000000.5 56 56 0.20515873015873 0.224837662337662 0.215266875981162 0.166666666666667 0.224261655881865
temp_spectre.52 2.6e+07 2.7e+07 26500000.5 63 63 0.202821869488536 0.251563251563252 0.227106227106227 0.235978835978836 0.245045443651715
temp_spectre.53 26500000 27500000 27000000.5 73 73 0.198477929984779 0.276255707762557 0.235134728285413 0.213698630136986 0.262405931300017
temp_spectre.54 2.7e+07 2.8e+07 27500000.5 77 77 0.213852813852814 0.265446674537584 0.218210361067504 0.0813852813852814 0.237190219768617
temp_spectre.55 27500000 28500000 28000000.5 86 86 0.164082687338501 0.186398872445384 0.153207257858421 0.0558139534883721 0.165383680414877
temp_spectre.56 2.8e+07 2.9e+07 28500000.5 69 69 0.197423510466989 0.204874835309618 0.216435738174869 0.0946859903381642 0.212442559208201
temp_spectre.57 28500000 29500000 29000000.5 76 76 0.225438596491228 0.228867623604466 0.217611336032389 0.151754385964912 0.234626199645455
temp_spectre.58 2.9e+07 3e+07 29500000.5 79 79 0.185091420534459 0.228807057920982 0.168869105577966 0.205907172995781 0.20569252708802
temp_spectre.59 29500000 30500000 30000000.5 79 79 0.175246132208158 0.225163022631377 0.150785922937822 0.185654008438819 0.198518061129978
temp_spectre.60 3e+07 3.1e+07 30500000.5 93 93 0.165830346475508 0.240306288693385 0.164244357792745 0.225806451612903 0.234960598453911
temp_spectre.61 30500000 31500000 31000000.5 76 76 0.178947368421053 0.26555023923445 0.20373048004627 0.278947368421053 0.263815025368299
temp_spectre.62 3.1e+07 3.2e+07 31500000.5 58 58 0.226819923371647 0.268808777429467 0.23929518757105 0.258620689655172 0.257899795746726
temp_spectre.63 31500000 32500000 32000000.5 58 58 0.232950191570881 0.262277951933124 0.253884046987495 0.303448275862069 0.264808362369338
temp_spectre.64 3.2e+07 3.3e+07 32500000.5 66 66 0.175420875420875 0.206152433425161 0.221778221778222 0.252525252525253 0.220620842572062
temp_spectre.65 32500000 33500000 33000000.5 61 61 0.181420765027322 0.209885742672628 0.222662583318321 0.204371584699454 0.227185316349651
temp_spectre.66 3.3e+07 3.4e+07 33500000.5 56 56 0.227380952380952 0.241341991341991 0.20467032967033 0.266666666666667 0.246183839389414
temp_spectre.67 33500000 34500000 34000000.5 55 55 0.245656565656566 0.258126721763085 0.231168831168831 0.244848484848485 0.257670784500053
temp_spectre.68 3.4e+07 3.5e+07 34500000.5 47 47 0.274704491725768 0.280786589297228 0.299742810381108 0.194326241134752 0.295376479600662
temp_spectre.69 34500000 35500000 35000000.5 50 50 0.285777777777778 0.236363636363636 0.207472527472527 0.162666666666667 0.244065040650406
temp_spectre.70 3.5e+07 3.6e+07 35500000.5 60 60 0.224074074074074 0.21969696969697 0.178388278388278 0.13 0.202710027100271
temp_spectre.71 35500000 36500000 36000000.5 67 67 0.21592039800995 0.206467661691542 0.185665081187469 0.162189054726368 0.207447085131832
temp_spectre.72 3.6e+07 3.7e+07 36500000.5 64 64 0.207638888888889 0.198153409090909 0.181490384615385 0.15625 0.210148083623693
temp_spectre.73 36500000 37500000 37000000.5 76 76 0.195614035087719 0.258373205741627 0.219924812030075 0.201754385964912 0.236322513601076
temp_spectre.74 3.7e+07 3.8e+07 37500000.5 86 86 0.223514211886305 0.253875968992248 0.201635573728597 0.203875968992248 0.236245036868973
temp_spectre.75 37500000 38500000 38000000.5 73 73 0.195738203957382 0.221876297218763 0.200060213758844 0.134246575342466 0.220769096144973
temp_spectre.76 3.8e+07 3.9e+07 38500000.5 65 65 0.140512820512821 0.217016317016317 0.221132713440406 0.218461538461538 0.218583042973287
temp_spectre.77 38500000 39500000 39000000.5 61 61 0.136612021857924 0.219076005961252 0.200324265898036 0.287431693989071 0.21290531406485
temp_spectre.78 3.9e+07 4e+07 39500000.5 83 83 0.186345381526104 0.248630887185104 0.219912617502979 0.216867469879518 0.234876789387515
temp_spectre.79 39500000 40500000 40000000.5 100 100 0.225111111111111 0.287272727272727 0.186813186813187 0.242666666666667 0.254878048780488
temp_spectre.80 4e+07 4.1e+07 40500000.5 90 90 0.238518518518518 0.26043771043771 0.147496947496948 0.237777777777778 0.230145825267776
temp_spectre.81 40500000 41500000 41000000.5 62 62 0.237275985663082 0.216275659824047 0.194789081885856 0.153763440860215 0.213311603162115
temp_spectre.82 4.1e+07 4.2e+07 41500000.5 50 50 0.280444444444444 0.231818181818182 0.254725274725275 0.196 0.260952380952381
temp_spectre.83 41500000 42500000 42000000.5 61 61 0.29471766848816 0.217337307501242 0.278688524590164 0.248087431693989 0.28251556520249
temp_spectre.84 4.2e+07 4.3e+07 42500000.5 49 49 0.227210884353741 0.237786023500309 0.274725274725275 0.171428571428571 0.26383654507099
temp_spectre.85 42500000 43500000 43000000.5 42 42 0.151322751322751 0.264430014430014 0.189691261119833 0.120634920634921 0.202035285658979
temp_spectre.86 4.3e+07 4.4e+07 43500000.5 81 81 0.189849108367627 0.200523756079312 0.119115452448786 0.109465020576132 0.157454008402518
temp_spectre.87 43500000 44500000 44000000.5 84 84 0.218518518518519 0.203102453102453 0.144688644688645 0.11031746031746 0.182995962612687
temp_spectre.88 4.4e+07 4.5e+07 44500000.5 55 55 0.252121212121212 0.251515151515152 0.197802197802198 0.167272727272727 0.237166085946574
temp_spectre.89 44500000 45500000 45000000.5 57 57 0.223391812865497 0.202817650186071 0.141314825525352 0.162573099415205 0.191128227071744
temp_spectre.90 4.5e+07 4.6e+07 45500000.5 68 68 0.19281045751634 0.207887700534759 0.182126696832579 0.146078431372549 0.201492792238847
temp_spectre.91 45500000 46500000 46000000.5 79 79 0.162587904360056 0.191983122362869 0.158992905828349 0.145991561181435 0.180346667842809
temp_spectre.92 4.6e+07 4.7e+07 46500000.5 59 59 0.181544256120527 0.190549563430919 0.158502514434718 0.192090395480226 0.18880292919152
temp_spectre.93 46500000 47500000 47000000.5 49 49 0.219501133786848 0.194495980210266 0.200044853106078 0.186394557823129 0.202612055275072
temp_spectre.94 4.7e+07 4.8e+07 47500000.5 43 43 0.194832041343669 0.157152924594785 0.138512650140557 0.105426356589147 0.153769278556573
temp_spectre.95 47500000 48500000 48000000.5 32 32 0.120833333333333 0.206439393939394 0.142513736263736 0.15 0.165614111498258
temp_spectre.96 4.8e+07 4.9e+07 48500000.5 50 50 0.199111111111111 0.159393939393939 0.137362637362637 0.209333333333333 0.191219512195122
temp_spectre.97 48500000 49500000 49000000.5 69 69 0.218035426731079 0.195652173913043 0.180602006688963 0.202898550724638 0.222693531283139
temp_spectre.98 4.9e+07 5e+07 49500000.5 62 62 0.17168458781362 0.21505376344086 0.189649060616803 0.194623655913978 0.209433891573939
temp_spectre.99 49500000 50500000 50000000.5 32 32 0.165277777777778 0.13967803030303 0.141483516483516 0.172916666666667 0.15831881533101
temp_spectre.100 5e+07 5.1e+07 50500000.5 42 42 0.247619047619048 0.199134199134199 0.189691261119833 0.157142857142857 0.206957579779879
temp_spectre.101 50500000 51500000 51000000.5 64 64 0.184027777777778 0.1953125 0.132211538461538 0.121875 0.164126016260163
temp_spectre.102 5.1e+07 5.2e+07 51500000.5 68 68 0.160457516339869 0.128342245989305 0.118939883645766 0.142156862745098 0.142208102753296
temp_spectre.103 51500000 52500000 52000000.5 71 71 0.190610328638498 0.163892445582586 0.150905432595573 0.253521126760563 0.193420686721958
temp_spectre.104 5.2e+07 5.3e+07 52500000.5 52 52 0.188888888888889 0.263986013986014 0.177514792899408 0.23974358974359 0.237447511837756
temp_spectre.105 52500000 53500000 53000000.5 49 49 0.220408163265306 0.260667903525046 0.238169993272034 0.130612244897959 0.248714119794259
temp_spectre.106 5.3e+07 5.4e+07 53500000.5 71 71 0.180907668231612 0.25501493811353 0.223649589846773 0.155868544600939 0.23045590616872
temp_spectre.107 53500000 54500000 54000000.5 90 90 0.166666666666667 0.245622895622896 0.175946275946276 0.142222222222222 0.205458768873403
temp_spectre.108 5.4e+07 5.5e+07 54500000.5 96 96 0.137268518518519 0.196496212121212 0.12706043956044 0.159722222222222 0.171917344173442
temp_spectre.109 54500000 55500000 55000000.5 93 93 0.130704898446834 0.197458455522972 0.15136476426799 0.174910394265233 0.175315025039651
temp_spectre.110 5.5e+07 5.6e+07 55500000.5 71 71 0.212519561815336 0.238796414852753 0.209255533199195 0.1981220657277 0.223667206490978
temp_spectre.111 55500000 56500000 56000000.5 67 67 0.233499170812604 0.228177295341474 0.199114318517304 0.221890547263682 0.226844869728015
temp_spectre.112 5.6e+07 5.7e+07 56500000.5 75 75 0.19762962962963 0.186060606060606 0.158974358974359 0.150222222222222 0.18344560588463
temp_spectre.113 56500000 57500000 57000000.5 47 47 0.198581560283688 0.202450032237266 0.171849427168576 0.14468085106383 0.197914349964168
temp_spectre.114 5.7e+07 5.8e+07 57500000.5 32 32 0.186805555555556 0.184185606060606 0.197458791208791 0.154166666666667 0.200239547038328
temp_spectre.115 57500000 58500000 58000000.5 47 47 0.231678486997636 0.160541586073501 0.212298339957914 0.147517730496454 0.201448093508291
temp_spectre.116 5.8e+07 5.9e+07 58500000.5 111 111 0.232432432432432 0.231094731094731 0.250965250965251 0.234234234234234 0.239267141706166
temp_spectre.117 58500000 59500000 59000000.5 110 110 0.24 0.247796143250689 0.256843156843157 0.246060606060606 0.250110864745011
temp_spectre.118 5.9e+07 6e+07 59500000.5 60 60 0.223703703703704 0.236363636363636 0.177655677655678 0.276666666666667 0.23130081300813
temp_spectre.119 59500000 60500000 60000000.5 60 60 0.180740740740741 0.196969696969697 0.145787545787546 0.223333333333333 0.192934572202865
temp_spectre.120 6e+07 6.1e+07 60500000.5 64 64 0.11875 0.205255681818182 0.182520604395604 0.05625 0.172546457607433
temp_spectre.121 60500000 61500000 61000000.5 57 57 0.0768031189083821 0.206273258904838 0.170618854829381 0.0549707602339181 0.162948020457648
temp_spectre.122 6.1e+07 6.2e+07 61500000.5 49 49 0.072108843537415 0.17687074829932 0.146445391343351 0.0979591836734694 0.147811040792624
temp_spectre.123 61500000 62500000 62000000.5 62 62 0.089247311827957 0.215542521994135 0.197979439914924 0.151612903225806 0.182776966018508
temp_spectre.124 6.2e+07 6.3e+07 62500000.5 68 68 0.176797385620915 0.264260249554367 0.242727860374919 0.206862745098039 0.235157477625196
temp_spectre.125 62500000 63500000 63000000.5 61 61 0.184699453551913 0.256582215598609 0.206449288416502 0.173770491803279 0.217836674853868
temp_spectre.126 6.3e+07 6.4e+07 63500000.5 59 59 0.147645951035782 0.173857216230098 0.147886012292792 0.227118644067797 0.174845961534676
temp_spectre.127 63500000 64500000 64000000.5 64 64 0.151041666666667 0.193418560606061 0.183379120879121 0.286458333333333 0.208895905923345
temp_spectre.128 6.4e+07 6.5e+07 64500000.5 51 51 0.117647058823529 0.24777183600713 0.206421029950442 0.252287581699346 0.228348249869053
temp_spectre.129 64500000 65500000 65000000.5 42 42 0.102116402116402 0.200577200577201 0.183411826268969 0.16031746031746 0.192218350754936
temp_spectre.130 6.5e+07 6.6e+07 65500000.5 51 51 0.0644880174291939 0.185680332739156 0.125188536953243 0.0901960784313725 0.136571701851472
temp_spectre.131 65500000 66500000 66000000.5 37 37 0.0456456456456456 0.166257166257166 0.0635580635580636 0.0972972972972973 0.0942336064287284
temp_spectre.132 6.6e+07 6.7e+07 66500000.5 55 55 0.168080808080808 0.242148760330579 0.216583416583417 0.12 0.199725477774258
temp_spectre.133 66500000 67500000 67000000.5 64 64 0.188194444444444 0.2734375 0.246909340659341 0.161458333333333 0.232396922183508
temp_spectre.134 6.7e+07 6.8e+07 67500000.5 40 40 0.267777777777778 0.289393939393939 0.276098901098901 0.245 0.281765389082462
temp_spectre.135 67500000 68500000 68000000.5 70 70 0.29015873015873 0.266450216450216 0.297645211930926 0.274285714285714 0.299303135888502
temp_spectre.136 6.8e+07 6.9e+07 68500000.5 71 71 0.22566510172144 0.218950064020487 0.269772481040087 0.248826291079812 0.26554448643078
temp_spectre.137 68500000 69500000 69000000.5 46 46 0.152173913043478 0.22167325428195 0.172718585762064 0.157971014492754 0.231833560571631
temp_spectre.138 6.9e+07 7e+07 69500000.5 43 43 0.170542635658915 0.258632840028189 0.162279580884232 0.224806201550388 0.253356021932312
temp_spectre.139 69500000 70500000 70000000.5 49 49 0.195011337868481 0.180890538033395 0.174927113702624 0.174149659863946 0.202256512361042
temp_spectre.140 7e+07 7.1e+07 70500000.5 63 63 0.243386243386243 0.0969215969215969 0.141461712890284 0.0888888888888889 0.1595781944214
temp_spectre.141 70500000 71500000 71000000.5 55 55 0.186262626262626 0.0834710743801653 0.138261738261738 0.122424242424242 0.141547883011298
temp_spectre.142 7.1e+07 7.2e+07 71500000.5 92 92 0.199033816425121 0.201251646903821 0.229216435738175 0.26304347826087 0.216002625864768
temp_spectre.143 71500000 72500000 72000000.5 137 137 0.150527169505272 0.169984516699845 0.187615304403626 0.247201946472019 0.181150758327187
temp_spectre.144 7.2e+07 7.3e+07 72500000.5 88 88 0.102020202020202 0.152548209366391 0.134115884115884 0.196212121212121 0.153798437335023
temp_spectre.145 72500000 73500000 73000000.5 25 25 0.218666666666667 0.255757575757576 0.166593406593407 0.152 0.249477351916376
temp_spectre.146 7.3e+07 7.4e+07 73500000.5 30 30 0.0822222222222222 0.276767676767677 0.163736263736264 0.128888888888889 0.19883855981417
temp_spectre.147 73500000 74500000 74000000.5 50 50 0.117333333333333 0.233333333333333 0.186373626373626 0.156 0.19458768873403
temp_spectre.148 7.4e+07 7.5e+07 74500000.5 57 57 0.0908382066276803 0.177830940988836 0.204164256795836 0.132163742690058 0.169570267131243
temp_spectre.149 74500000 75500000 75000000.5 36 36 0.0493827160493827 0.196548821548822 0.218864468864469 0.109259259259259 0.167344173441734
temp_spectre.150 7.5e+07 7.6e+07 75500000.5 15 15 0.204444444444444 0.374747474747475 0.327472527472527 0.2 0.290282617111885
temp_spectre.151 75500000 76500000 76000000.5 29 29 0.188505747126437 0.263322884012539 0.242895035998484 0.206896551724138 0.238575834034202
temp_spectre.152 7.6e+07 7.7e+07 76500000.5 27 27 0.182716049382716 0.259820426487093 0.212454212454212 0.155555555555556 0.229793091581709
temp_spectre.153 76500000 77500000 77000000.5 18 18 0.144444444444444 0.363636363636364 0.264346764346764 0.137037037037037 0.269518647567428
temp_spectre.154 7.7e+07 7.8e+07 77500000.5 30 30 0.151111111111111 0.221212121212121 0.229304029304029 0.228888888888889 0.218854045683314
temp_spectre.155 77500000 78500000 78000000.5 59 59 0.166478342749529 0.167180277349769 0.14844477556342 0.122033898305085 0.156814110513986
temp_spectre.156 7.8e+07 7.9e+07 78500000.5 83 83 0.163855421686747 0.178349762687112 0.139150006619886 0.16144578313253 0.158753480822244
temp_spectre.157 78500000 79500000 79000000.5 52 52 0.158547008547009 0.202797202797203 0.174344885883347 0.23974358974359 0.192106673813991
temp_spectre.158 7.9e+07 8e+07 79500000.5 7 7 0.133333333333333 0.253246753246753 0.229199372056515 0.19047619047619 0.253359880537581
temp_spectre.159 79500000 80500000 80000000.5 51 51 0.16557734204793 0.154783125371361 0.16785175608705 0.162091503267974 0.163740292865114
temp_spectre.160 8e+07 8.1e+07 80500000.5 71 71 0.172769953051643 0.174775928297055 0.206779136356601 0.173708920187793 0.18903665897826
temp_spectre.161 80500000 81500000 81000000.5 29 29 0.192337164750958 0.216300940438871 0.255778704054566 0.202298850574713 0.236373102647283
temp_spectre.162 8.1e+07 8.2e+07 81500000.5 18 18 0.160493827160494 0.221380471380471 0.186202686202686 0.266666666666667 0.216156923473997
temp_spectre.163 81500000 82500000 82000000.5 42 42 0.235978835978836 0.273448773448773 0.26530612244898 0.279365079365079 0.260107294950501
temp_spectre.164 8.2e+07 8.3e+07 82500000.5 31 31 0.268100358422939 0.283479960899316 0.293158454448777 0.281720430107527 0.275973174478289
temp_spectre.165 82500000 83500000 83000000.5 26 26 0.401709401709402 0.386363636363636 0.368977176669484 0.41025641025641 0.362726704190119
temp_spectre.166 8.3e+07 8.4e+07 83500000.5 30 30 0.365925925925926 0.352525252525253 0.342490842490842 0.406666666666667 0.337359659310879
temp_spectre.167 83500000 84500000 84000000.5 37 37 0.183783783783784 0.185913185913186 0.168993168993169 0.268468468468469 0.191920143139655
temp_spectre.168 8.4e+07 8.5e+07 84500000.5 44 44 0.192424242424242 0.235881542699725 0.213536463536464 0.287878787878788 0.226348854397635
temp_spectre.169 84500000 85500000 85000000.5 33 33 0.145454545454545 0.284664830119376 0.265734265734266 0.303030303030303 0.253193960511034
temp_spectre.170 8.5e+07 8.6e+07 85500000.5 27 27 0.116872427983539 0.259820426487093 0.232397232397232 0.28641975308642 0.226007656901966
temp_spectre.171 85500000 86500000 86000000.5 7 7 0.155555555555556 0.318181818181818 0.26530612244898 0.371428571428571 0.270781483325037
temp_spectre.172 8.6e+07 8.7e+07 86500000.5 4 4 0.133333333333333 0.246212121212121 0.197802197802198 0.3 0.229094076655052
temp_spectre.173 86500000 87500000 87000000.5 2 2 0 0.204545454545455 0.131868131868132 0.3 0.157955865272938
temp_spectre.174 87500000 88500000 88000000.5 25 25 0.217777777777778 0.0557575757575758 0.153406593406593 0.114666666666667 0.137839721254355
temp_spectre.175 8.8e+07 8.9e+07 88500000.5 48 48 0.130092592592593 0.138888888888889 0.169871794871795 0.151388888888889 0.15650406504065
temp_spectre.176 88500000 89500000 89000000.5 37 37 0.0786786786786787 0.242833742833743 0.196911196911197 0.181981981981982 0.190978434880874
temp_spectre.177 8.9e+07 9e+07 89500000.5 16 16 0.201388888888889 0.267992424242424 0.23282967032967 0.179166666666667 0.23664343786295
temp_spectre.178 89500000 90500000 90000000.5 7 7 0.342857142857143 0.283549783549784 0.30298273155416 0.20952380952381 0.289364526298324
temp_spectre.179 9e+07 9.1e+07 90500000.5 58 58 0.285057471264368 0.283437826541275 0.269420234937476 0.201149425287356 0.258200168208579
temp_spectre.180 90500000 91500000 91000000.5 247 247 0.156815114709852 0.194761378971905 0.195889131111803 0.154116059379217 0.177507558765582
temp_spectre.181 9.1e+07 9.2e+07 91500000.5 232 232 0.12183908045977 0.165948275862069 0.175634710117469 0.143390804597701 0.154271296407545
temp_spectre.182 91500000 92500000 92000000.5 90 90 0.140493827160494 0.170707070707071 0.177777777777778 0.194814814814815 0.165543941153697
temp_spectre.183 9.2e+07 9.3e+07 92500000.5 58 58 0.142528735632184 0.187042842215256 0.178666161424782 0.22183908045977 0.177700348432056
temp_spectre.184 92500000 93500000 93000000.5 12 12 0.05 0.191919191919192 0.16025641025641 0.305555555555556 0.190185830429733
temp_spectre.185 9.3e+07 9.4e+07 93500000.5 12 12 0.0333333333333333 0.171717171717172 0.0778388278388278 0.2 0.119144405729772
temp_spectre.186 93500000 94500000 94000000.5 10 10 0.04 0.107575757575758 0.0527472527472527 0.06 0.0689895470383275
temp_spectre.187 9.4e+07 9.5e+07 94500000.5 6 6 0.0666666666666667 0.0681818181818182 0.131868131868132 0.2 0.12059620596206
temp_spectre.188 94500000 95500000 95000000.5 9 9 0.0222222222222222 0.0925925925925926 0.0781440781440781 0.103703703703704 0.0805265195509098
temp_spectre.189 9.5e+07 9.6e+07 95500000.5 22 22 0.185858585858586 0.211432506887052 0.176823176823177 0.166666666666667 0.186991869918699
temp_spectre.190 95500000 96500000 96000000.5 38 38 0.11812865497076 0.206539074960128 0.136205899363794 0.131578947368421 0.157283452533773
temp_spectre.191 9.6e+07 9.7e+07 96500000.5 248 248 0.181362007168459 0.227089442815249 0.212025877348458 0.198924731182796 0.202596380802518
temp_spectre.192 96500000 97500000 97000000.5 233 233 0.201335240820219 0.232019768500455 0.226713200962128 0.212017167381974 0.215255242681182
temp_spectre.193 9.7e+07 9.8e+07 97500000.5 11 11 0.23030303030303 0.161157024793388 0.191808191808192 0.157575757575758 0.211065357406821
temp_spectre.194 97500000 98500000 98000000.5 9 9 0.103703703703704 0.202020202020202 0.181929181929182 0.125925925925926 0.177055103884372
temp_spectre.195 9.8e+07 9.9e+07 98500000.5 11 11 0.0848484848484849 0.254820936639118 0.1998001998002 0.236363636363636 0.209270404392356
temp_spectre.196 98500000 99500000 99000000.5 27 27 0.037037037037037 0.237373737373737 0.144078144078144 0.237037037037037 0.182044995053125
temp_spectre.197 9.9e+07 1e+08 99500000.5 49 49 0.121995464852608 0.237786023500309 0.202736039470733 0.191836734693878 0.201118775036147
temp_spectre.198 99500000 100500000 100000000.5 38 38 0.15906432748538 0.236044657097289 0.255639097744361 0.142105263157895 0.210373494712391
temp_spectre.199 1e+08 1.01e+08 100500000.5 29 29 0.0781609195402299 0.290491118077325 0.276241000378931 0.179310344827586 0.241299211021667
temp_spectre.200 100500000 101500000 101000000.5 44 44 0.242424242424242 0.316115702479339 0.297952047952048 0.301515151515152 0.302819132087425
temp_spectre.201 1.01e+08 1.02e+08 101500000.5 39 39 0.254700854700855 0.274281274281274 0.279515356438433 0.278632478632479 0.281783257393013
temp_spectre.202 101500000 102500000 102000000.5 36 36 0.116666666666667 0.221801346801347 0.202991452991453 0.175925925925926 0.192282875209704
temp_spectre.203 1.02e+08 1.03e+08 102500000.5 44 44 0.143434343434343 0.21728650137741 0.228271728271728 0.121212121212121 0.204703832752613
temp_spectre.204 102500000 103500000 103000000.5 25 25 0.133333333333333 0.206060606060606 0.267692307692308 0.056 0.21862950058072
temp_spectre.205 1.03e+08 1.04e+08 103500000.5 12 12 0.0796296296296296 0.262626262626263 0.238095238095238 0.144444444444444 0.204123112659698
temp_spectre.206 103500000 104500000 104000000.5 29 29 0.117241379310345 0.20846394984326 0.19893899204244 0.220689655172414 0.203252032520325
temp_spectre.207 1.04e+08 1.05e+08 104500000.5 46 46 0.16231884057971 0.198945981554677 0.127090301003344 0.176811594202899 0.18315406756552
temp_spectre.208 104500000 105500000 105000000.5 46 46 0.214975845410628 0.250329380764163 0.139512661251792 0.0956521739130435 0.214184719486946
temp_spectre.209 1.05e+08 1.06e+08 105500000.5 43 43 0.187596899224806 0.236786469344609 0.209046767186302 0.137984496124031 0.252599735299679
temp_spectre.210 105500000 106500000 106000000.5 55 55 0.12 0.204683195592287 0.191808191808192 0.193939393939394 0.211888924084046
temp_spectre.211 1.06e+08 1.07e+08 106500000.5 78 78 0.148717948717949 0.17968142968143 0.154550577627501 0.127350427350427 0.190759105393252
temp_spectre.212 106500000 107500000 107000000.5 72 72 0.197839506172839 0.135311447811448 0.118742368742369 0.0962962962962963 0.181120144534779
temp_spectre.213 1.07e+08 1.08e+08 107500000.5 123 123 0.154471544715447 0.285907859078591 0.285267577950505 0.281842818428184 0.28066249303608
temp_spectre.214 107500000 108500000 108000000.5 149 149 0.15316927665921 0.300183038438072 0.313444944317428 0.282774049217002 0.289650710505188
temp_spectre.215 1.08e+08 1.09e+08 108500000.5 104 104 0.226923076923077 0.23951048951049 0.285502958579882 0.18525641025641 0.256577771821674
temp_spectre.216 108500000 109500000 109000000.5 73 73 0.285844748858448 0.239933582399336 0.278789703447238 0.17716894977169 0.259923949533037
temp_spectre.217 1.09e+08 1.1e+08 109500000.5 96 96 0.174305555555556 0.205334595959596 0.173191391941392 0.163888888888889 0.19748112659698
temp_spectre.218 109500000 110500000 110000000.5 120 120 0.148148148148148 0.221717171717172 0.204945054945055 0.153333333333333 0.217595818815331
temp_spectre.219 1.1e+08 1.11e+08 110500000.5 74 74 0.177177177177177 0.261670761670762 0.255123255123255 0.172972972972973 0.267225413566877
temp_spectre.220 110500000 111500000 111000000.5 64 64 0.2 0.253787878787879 0.202438186813187 0.1625 0.275315766550523
temp_spectre.221 1.11e+08 1.12e+08 111500000.5 79 79 0.145710267229255 0.220943613348677 0.185422172763945 0.159493670886076 0.230729649068643
temp_spectre.222 111500000 112500000 112000000.5 81 81 0.145679012345679 0.23625140291807 0.226020892687559 0.196707818930041 0.224358698613441
temp_spectre.223 1.12e+08 1.13e+08 112500000.5 67 67 0.172802653399668 0.212347354138399 0.228801049696572 0.183084577114428 0.222147104200253
temp_spectre.224 112500000 113500000 113000000.5 53 53 0.139622641509434 0.128644939965695 0.158614969935725 0.166037735849057 0.158481800451428
temp_spectre.225 1.13e+08 1.14e+08 113500000.5 61 61 0.137704918032787 0.1525086934923 0.125202666186273 0.168306010928962 0.15233906437425
temp_spectre.226 113500000 114500000 114000000.5 92 92 0.1756038647343 0.216073781291173 0.193741041567129 0.210869565217391 0.200196939857597
temp_spectre.227 1.14e+08 1.15e+08 114500000.5 90 90 0.161234567901235 0.217676767676768 0.213308913308913 0.231111111111111 0.207471931862176
temp_spectre.228 114500000 115500000 115000000.5 77 77 0.172871572871573 0.20228256591893 0.160839160839161 0.247619047619048 0.200642563011901
temp_spectre.229 1.15e+08 1.16e+08 115500000.5 50 50 0.255555555555556 0.220909090909091 0.161098901098901 0.249333333333333 0.226062717770035
temp_spectre.230 115500000 116500000 116000000.5 28 28 0.135714285714286 0.200757575757576 0.1287284144427 0.10952380952381 0.183175709308113
temp_spectre.231 1.16e+08 1.17e+08 116500000.5 55 55 0.172525252525253 0.211845730027548 0.14985014985015 0.132121212121212 0.197043606799704
temp_spectre.232 116500000 117500000 117000000.5 80 80 0.221388888888889 0.248106060606061 0.2375 0.144166666666667 0.248649825783972
temp_spectre.233 1.17e+08 1.18e+08 117500000.5 82 82 0.182113821138211 0.245934959349594 0.246046636290539 0.139837398373984 0.239214186566953
temp_spectre.234 117500000 118500000 118000000.5 85 85 0.17359477124183 0.223351158645276 0.185778926955398 0.182745098039216 0.208717633394821
temp_spectre.235 1.18e+08 1.19e+08 118500000.5 84 84 0.16984126984127 0.203102453102453 0.170591313448456 0.211111111111111 0.198716885128035
temp_spectre.236 118500000 119500000 119000000.5 81 81 0.160493827160494 0.175271230826786 0.174196174196174 0.204115226337449 0.188898926026297
temp_spectre.237 1.19e+08 1.2e+08 119500000.5 83 83 0.192503346720214 0.177619569185834 0.205084072553952 0.195180722891566 0.206400514951793
temp_spectre.238 119500000 120500000 120000000.5 56 56 0.186507936507937 0.203463203463203 0.230572998430141 0.182142857142857 0.212128753940601
temp_spectre.239 1.2e+08 1.21e+08 120500000.5 64 64 0.203472222222222 0.207623106060606 0.230597527472527 0.2 0.217153019744483
temp_spectre.240 120500000 121500000 121000000.5 81 81 0.235390946502058 0.214178825289936 0.248812915479582 0.223868312757202 0.24549404224201
temp_spectre.241 1.21e+08 1.22e+08 121500000.5 98 98 0.264399092970522 0.282776747062461 0.28694774613142 0.260544217687075 0.285963165754107
temp_spectre.242 121500000 122500000 122000000.5 94 94 0.298817966903073 0.321244358478401 0.304535889642273 0.221276595744681 0.299577433464304
temp_spectre.243 1.22e+08 1.23e+08 122500000.5 51 51 0.282788671023965 0.314913844325609 0.268261150614092 0.112418300653595 0.274600897269477
temp_spectre.244 122500000 123500000 123000000.5 141 141 0.312687155240347 0.267569310122502 0.267711012391863 0.295035460992908 0.281785158277115
temp_spectre.245 1.23e+08 1.24e+08 123500000.5 163 163 0.306612133605999 0.255902584123443 0.260904739432347 0.296932515337423 0.275866983034423
temp_spectre.246 123500000 124500000 124000000.5 56 56 0.188888888888889 0.183441558441558 0.183673469387755 0.180952380952381 0.195661191305791
temp_spectre.247 1.24e+08 1.25e+08 124500000.5 32 32 0.134722222222222 0.168087121212121 0.166895604395604 0.122916666666667 0.165868176538908
temp_spectre.248 124500000 125500000 125000000.5 25 25 0.151111111111111 0.215757575757576 0.185054945054945 0.146666666666667 0.185365853658537
temp_spectre.249 1.25e+08 1.26e+08 125500000.5 44 44 0.125252525252525 0.257231404958678 0.241258741258741 0.0772727272727273 0.197339246119734
temp_spectre.250 125500000 126500000 126000000.5 80 80 0.157222222222222 0.234848484848485 0.231181318681319 0.168333333333333 0.217668408826945
temp_spectre.251 1.26e+08 1.27e+08 126500000.5 83 83 0.151807228915663 0.183096020445418 0.205613663444989 0.2 0.203433944838588
temp_spectre.252 126500000 127500000 127000000.5 62 62 0.129032258064516 0.148826979472141 0.183800070896845 0.152688172043011 0.173429245813195
temp_spectre.253 1.27e+08 1.28e+08 127500000.5 69 69 0.124315619967794 0.13153271848924 0.168338907469342 0.204830917874396 0.164621521991617
temp_spectre.254 127500000 128500000 128000000.5 83 83 0.12904953145917 0.188207374954363 0.182311664239375 0.228112449799197 0.189636595161132
temp_spectre.255 1.28e+08 1.29e+08 128500000.5 70 70 0.217142857142857 0.272727272727273 0.239403453689168 0.255238095238095 0.255035672805708
temp_spectre.256 128500000 129500000 129000000.5 60 60 0.240740740740741 0.255555555555556 0.262820512820513 0.278888888888889 0.261943476577623
temp_spectre.257 1.29e+08 1.3e+08 129500000.5 55 55 0.220606060606061 0.177134986225895 0.217582417582418 0.236363636363636 0.225678386653996
temp_spectre.258 129500000 130500000 130000000.5 71 71 0.138967136150235 0.121638924455826 0.15647732549141 0.15962441314554 0.170437257692496
temp_spectre.259 1.3e+08 1.31e+08 130500000.5 86 86 0.148837209302326 0.184284707540521 0.179146434960388 0.20077519379845 0.200861626556465
temp_spectre.260 130500000 131500000 131000000.5 103 103 0.176483279395901 0.211091497499264 0.193214552437853 0.157928802588997 0.216298501403877
temp_spectre.261 1.31e+08 1.32e+08 131500000.5 104 104 0.148717948717949 0.192744755244755 0.180262045646661 0.142307692307692 0.195334137407308
temp_spectre.262 131500000 132500000 132000000.5 94 94 0.165011820330969 0.235815602836879 0.211713818096797 0.248936170212766 0.231114241233598
temp_spectre.263 1.32e+08 1.33e+08 132500000.5 91 91 0.156288156288156 0.25974025974026 0.237048665620094 0.232967032967033 0.239499176781407
temp_spectre.264 132500000 133500000 133000000.5 77 77 0.172005772005772 0.253640299094845 0.226630512344798 0.154112554112554 0.229165723939243
temp_spectre.265 1.33e+08 1.34e+08 133500000.5 77 77 0.210678210678211 0.227469500196773 0.196945911231625 0.179220779220779 0.232544459025295
temp_spectre.266 133500000 134500000 134000000.5 83 83 0.18714859437751 0.1960569550931 0.174367800873825 0.152610441767068 0.198004561801212
temp_spectre.267 1.34e+08 1.35e+08 134500000.5 92 92 0.166183574879227 0.171277997364954 0.161849020544673 0.155072463768116 0.174102408725951
temp_spectre.268 134500000 135500000 135000000.5 92 92 0.146376811594203 0.170783926218709 0.165910176779742 0.191304347826087 0.171893147502904
temp_spectre.269 1.35e+08 1.36e+08 135500000.5 88 88 0.171717171717172 0.24845041322314 0.225649350649351 0.226515151515152 0.234307359307359
temp_spectre.270 135500000 136500000 136000000.5 96 96 0.189583333333333 0.229324494949495 0.212568681318681 0.223611111111111 0.237865369725126
temp_spectre.271 1.36e+08 1.37e+08 136500000.5 88 88 0.184090909090909 0.173725895316804 0.189435564435564 0.181060606060606 0.209428782599514
temp_spectre.272 136500000 137500000 137000000.5 90 90 0.201234567901235 0.210774410774411 0.221489621489621 0.21037037037037 0.236688604981288
temp_spectre.273 1.37e+08 1.38e+08 137500000.5 83 83 0.205622489959839 0.220518437385907 0.186548391367668 0.208835341365462 0.216517638498244
temp_spectre.274 137500000 138500000 138000000.5 62 62 0.205017921146953 0.235092864125122 0.201169797943992 0.16989247311828 0.222228466524297
temp_spectre.275 1.38e+08 1.39e+08 138500000.5 69 69 0.186473429951691 0.228370663153272 0.224398789616181 0.165217391304348 0.225807537578481
temp_spectre.276 138500000 139500000 139000000.5 81 81 0.196159122085048 0.18593340815563 0.196038529371863 0.207407407407407 0.209145266055835
temp_spectre.277 1.39e+08 1.4e+08 139500000.5 80 80 0.195555555555556 0.194886363636364 0.186263736263736 0.205 0.211919279907085
temp_spectre.278 139500000 140500000 140000000.5 93 93 0.215292712066906 0.22613229064842 0.235141202883138 0.215770609318996 0.239656313613827
temp_spectre.279 1.4e+08 1.41e+08 140500000.5 102 102 0.210457516339869 0.218805704099822 0.250700280112045 0.219607843137255 0.242558812142743
temp_spectre.280 140500000 141500000 141000000.5 67 67 0.201658374792703 0.196517412935323 0.213055601115303 0.165174129353234 0.213947683186853
temp_spectre.281 1.41e+08 1.42e+08 141500000.5 49 49 0.266213151927438 0.169758812615955 0.171338865216416 0.257142857142857 0.218564080684539
temp_spectre.282 141500000 142500000 142000000.5 78 78 0.222792022792023 0.216588966588967 0.197097774020851 0.288034188034188 0.241832693052205
temp_spectre.283 1.42e+08 1.43e+08 142500000.5 88 88 0.194949494949495 0.278236914600551 0.225774225774226 0.237121212121212 0.257509766656108
temp_spectre.284 142500000 143500000 143000000.5 72 72 0.236111111111111 0.310606060606061 0.233974358974359 0.249074074074074 0.284439927732611
temp_spectre.285 1.43e+08 1.44e+08 143500000.5 79 79 0.243600562587904 0.259685462217108 0.225900681596884 0.233755274261603 0.263499904438466
temp_spectre.286 143500000 144500000 144000000.5 108 108 0.254938271604938 0.257014590347924 0.249592999593 0.207407407407407 0.25648470770422
temp_spectre.287 1.44e+08 1.45e+08 144500000.5 110 110 0.278787878787879 0.260606060606061 0.251148851148851 0.235151515151515 0.264533840143596
temp_spectre.288 144500000 145500000 145000000.5 94 94 0.247517730496454 0.209703417150226 0.214753331774608 0.246808510638298 0.234400869844565
temp_spectre.289 1.45e+08 1.46e+08 145500000.5 79 79 0.184528832630098 0.164748753356348 0.177771595493114 0.171308016877637 0.179361648951028
temp_spectre.290 145500000 146500000 146000000.5 71 71 0.174021909233177 0.169867690994452 0.205695712737966 0.170892018779343 0.188333251541771
temp_spectre.291 1.46e+08 1.47e+08 146500000.5 87 87 0.154533844189017 0.186346220828979 0.182139699381079 0.179310344827586 0.191958027954664
temp_spectre.292 146500000 147500000 147000000.5 95 95 0.152046783625731 0.182775119617225 0.142857142857143 0.150175438596491 0.171074026529739
temp_spectre.293 1.47e+08 1.48e+08 147500000.5 76 76 0.184502923976608 0.207735247208931 0.200983227299017 0.171052631578947 0.203435417812825
temp_spectre.294 147500000 148500000 148000000.5 69 69 0.165861513687601 0.256916996047431 0.214365344800127 0.17487922705314 0.219764682118871
temp_spectre.295 1.48e+08 1.49e+08 148500000.5 87 87 0.171647509578544 0.204110066179032 0.154225085259568 0.137164750957854 0.174963621557398
temp_spectre.296 148500000 149500000 149000000.5 83 83 0.190896921017403 0.20956553486674 0.189858334436648 0.14136546184739 0.188950925653835
temp_spectre.297 1.49e+08 1.5e+08 149500000.5 65 65 0.186666666666667 0.248018648018648 0.25257819103973 0.195897435897436 0.229053872956312
temp_spectre.298 149500000 150500000 150000000.5 37 37 0.177177177177177 0.216216216216216 0.248292248292248 0.232432432432432 0.222243149072417
temp_spectre.299 1.5e+08 1.51e+08 150500000.5 7 7 0.215873015873016 0.285714285714286 0.312401883830455 0.371428571428571 0.280404844864775
