low_bound_Fix upper_bound_Fix mid_wind_Fix Nb_SNP Nb_Fixed_Sites
1 0 1e+06 500000.5 96 0
2 5e+05 1500000 1000000.5 70 0
3 1e+06 2e+06 1500000.5 64 0
4 1500000 2500000 2000000.5 52 0
5 2e+06 3e+06 2500000.5 44 0
6 2500000 3500000 3000000.5 46 0
7 3e+06 4e+06 3500000.5 45 0
8 3500000 4500000 4000000.5 41 0
9 4e+06 5e+06 4500000.5 55 0
10 4500000 5500000 5000000.5 104 0
11 5e+06 6e+06 5500000.5 198 0
12 5500000 6500000 6000000.5 398 0
13 6e+06 7e+06 6500000.5 313 0
14 6500000 7500000 7000000.5 76 0
15 7e+06 8e+06 7500000.5 97 0
16 7500000 8500000 8000000.5 102 0
17 8e+06 9e+06 8500000.5 283 0
18 8500000 9500000 9000000.5 394 0
19 9e+06 1e+07 9500000.5 168 0
20 9500000 10500000 10000000.5 46 0
21 1e+07 1.1e+07 10500000.5 72 0
22 10500000 11500000 11000000.5 83 0
23 1.1e+07 1.2e+07 11500000.5 72 0
24 11500000 12500000 12000000.5 90 0
25 1.2e+07 1.3e+07 12500000.5 93 0
26 12500000 13500000 13000000.5 252 0
27 1.3e+07 1.4e+07 13500000.5 279 0
28 13500000 14500000 14000000.5 96 0
29 1.4e+07 1.5e+07 14500000.5 31 0
30 14500000 15500000 15000000.5 14 0
31 1.5e+07 1.6e+07 15500000.5 58 0
32 15500000 16500000 16000000.5 85 0
33 1.6e+07 1.7e+07 16500000.5 63 0
34 16500000 17500000 17000000.5 67 0
35 1.7e+07 1.8e+07 17500000.5 84 0
36 17500000 18500000 18000000.5 98 0
37 1.8e+07 1.9e+07 18500000.5 88 0
38 18500000 19500000 19000000.5 66 0
39 1.9e+07 2e+07 19500000.5 71 0
40 19500000 20500000 20000000.5 79 0
41 2e+07 2.1e+07 20500000.5 88 0
42 20500000 21500000 21000000.5 73 0
43 2.1e+07 2.2e+07 21500000.5 57 0
44 21500000 22500000 22000000.5 65 0
45 2.2e+07 2.3e+07 22500000.5 86 0
46 22500000 23500000 23000000.5 95 0
47 2.3e+07 2.4e+07 23500000.5 72 0
48 23500000 24500000 24000000.5 73 0
49 2.4e+07 2.5e+07 24500000.5 70 0
50 24500000 25500000 25000000.5 58 0
51 2.5e+07 2.6e+07 25500000.5 67 0
52 25500000 26500000 26000000.5 56 0
53 2.6e+07 2.7e+07 26500000.5 63 0
54 26500000 27500000 27000000.5 73 0
55 2.7e+07 2.8e+07 27500000.5 77 0
56 27500000 28500000 28000000.5 86 0
57 2.8e+07 2.9e+07 28500000.5 69 0
58 28500000 29500000 29000000.5 76 0
59 2.9e+07 3e+07 29500000.5 79 0
60 29500000 30500000 30000000.5 79 0
61 3e+07 3.1e+07 30500000.5 93 0
62 30500000 31500000 31000000.5 76 0
63 3.1e+07 3.2e+07 31500000.5 58 0
64 31500000 32500000 32000000.5 58 0
65 3.2e+07 3.3e+07 32500000.5 66 0
66 32500000 33500000 33000000.5 61 0
67 3.3e+07 3.4e+07 33500000.5 56 0
68 33500000 34500000 34000000.5 55 0
69 3.4e+07 3.5e+07 34500000.5 47 0
70 34500000 35500000 35000000.5 50 0
71 3.5e+07 3.6e+07 35500000.5 60 0
72 35500000 36500000 36000000.5 67 0
73 3.6e+07 3.7e+07 36500000.5 64 0
74 36500000 37500000 37000000.5 76 0
75 3.7e+07 3.8e+07 37500000.5 86 0
76 37500000 38500000 38000000.5 73 0
77 3.8e+07 3.9e+07 38500000.5 65 0
78 38500000 39500000 39000000.5 61 0
79 3.9e+07 4e+07 39500000.5 83 0
80 39500000 40500000 40000000.5 100 0
81 4e+07 4.1e+07 40500000.5 90 0
82 40500000 41500000 41000000.5 62 0
83 4.1e+07 4.2e+07 41500000.5 50 0
84 41500000 42500000 42000000.5 61 0
85 4.2e+07 4.3e+07 42500000.5 49 0
86 42500000 43500000 43000000.5 42 0
87 4.3e+07 4.4e+07 43500000.5 81 0
88 43500000 44500000 44000000.5 84 0
89 4.4e+07 4.5e+07 44500000.5 55 0
90 44500000 45500000 45000000.5 57 0
91 4.5e+07 4.6e+07 45500000.5 68 0
92 45500000 46500000 46000000.5 79 0
93 4.6e+07 4.7e+07 46500000.5 59 0
94 46500000 47500000 47000000.5 49 0
95 4.7e+07 4.8e+07 47500000.5 43 0
96 47500000 48500000 48000000.5 32 0
97 4.8e+07 4.9e+07 48500000.5 50 0
98 48500000 49500000 49000000.5 69 0
99 4.9e+07 5e+07 49500000.5 62 0
100 49500000 50500000 50000000.5 32 0
101 5e+07 5.1e+07 50500000.5 42 0
102 50500000 51500000 51000000.5 64 0
103 5.1e+07 5.2e+07 51500000.5 68 0
104 51500000 52500000 52000000.5 71 0
105 5.2e+07 5.3e+07 52500000.5 52 0
106 52500000 53500000 53000000.5 49 0
107 5.3e+07 5.4e+07 53500000.5 71 0
108 53500000 54500000 54000000.5 90 0
109 5.4e+07 5.5e+07 54500000.5 96 0
110 54500000 55500000 55000000.5 93 0
111 5.5e+07 5.6e+07 55500000.5 71 0
112 55500000 56500000 56000000.5 67 0
113 5.6e+07 5.7e+07 56500000.5 75 0
114 56500000 57500000 57000000.5 47 0
115 5.7e+07 5.8e+07 57500000.5 32 0
116 57500000 58500000 58000000.5 47 0
117 5.8e+07 5.9e+07 58500000.5 111 0
118 58500000 59500000 59000000.5 110 0
119 5.9e+07 6e+07 59500000.5 60 0
120 59500000 60500000 60000000.5 60 0
121 6e+07 6.1e+07 60500000.5 64 0
122 60500000 61500000 61000000.5 57 0
123 6.1e+07 6.2e+07 61500000.5 49 0
124 61500000 62500000 62000000.5 62 0
125 6.2e+07 6.3e+07 62500000.5 68 0
126 62500000 63500000 63000000.5 61 0
127 6.3e+07 6.4e+07 63500000.5 59 0
128 63500000 64500000 64000000.5 64 0
129 6.4e+07 6.5e+07 64500000.5 51 0
130 64500000 65500000 65000000.5 42 0
131 6.5e+07 6.6e+07 65500000.5 51 0
132 65500000 66500000 66000000.5 37 0
133 6.6e+07 6.7e+07 66500000.5 55 0
134 66500000 67500000 67000000.5 64 0
135 6.7e+07 6.8e+07 67500000.5 40 0
136 67500000 68500000 68000000.5 70 0
137 6.8e+07 6.9e+07 68500000.5 71 0
138 68500000 69500000 69000000.5 46 0
139 6.9e+07 7e+07 69500000.5 43 0
140 69500000 70500000 70000000.5 49 0
141 7e+07 7.1e+07 70500000.5 63 0
142 70500000 71500000 71000000.5 55 0
143 7.1e+07 7.2e+07 71500000.5 92 0
144 71500000 72500000 72000000.5 137 0
145 7.2e+07 7.3e+07 72500000.5 88 0
146 72500000 73500000 73000000.5 25 0
147 7.3e+07 7.4e+07 73500000.5 30 0
148 73500000 74500000 74000000.5 50 0
149 7.4e+07 7.5e+07 74500000.5 57 0
150 74500000 75500000 75000000.5 36 0
151 7.5e+07 7.6e+07 75500000.5 15 0
152 75500000 76500000 76000000.5 29 0
153 7.6e+07 7.7e+07 76500000.5 27 0
154 76500000 77500000 77000000.5 18 0
155 7.7e+07 7.8e+07 77500000.5 30 0
156 77500000 78500000 78000000.5 59 0
157 7.8e+07 7.9e+07 78500000.5 83 0
158 78500000 79500000 79000000.5 52 0
159 7.9e+07 8e+07 79500000.5 7 0
160 79500000 80500000 80000000.5 51 0
161 8e+07 8.1e+07 80500000.5 71 0
162 80500000 81500000 81000000.5 29 0
163 8.1e+07 8.2e+07 81500000.5 18 0
164 81500000 82500000 82000000.5 42 0
165 8.2e+07 8.3e+07 82500000.5 31 0
166 82500000 83500000 83000000.5 26 0
167 8.3e+07 8.4e+07 83500000.5 30 0
168 83500000 84500000 84000000.5 37 0
169 8.4e+07 8.5e+07 84500000.5 44 0
170 84500000 85500000 85000000.5 33 0
171 8.5e+07 8.6e+07 85500000.5 27 0
172 85500000 86500000 86000000.5 7 0
173 8.6e+07 8.7e+07 86500000.5 4 0
174 86500000 87500000 87000000.5 2 0
175 87500000 88500000 88000000.5 25 0
176 8.8e+07 8.9e+07 88500000.5 48 0
177 88500000 89500000 89000000.5 37 0
178 8.9e+07 9e+07 89500000.5 16 0
179 89500000 90500000 90000000.5 7 0
180 9e+07 9.1e+07 90500000.5 58 0
181 90500000 91500000 91000000.5 247 0
182 9.1e+07 9.2e+07 91500000.5 232 0
183 91500000 92500000 92000000.5 90 0
184 9.2e+07 9.3e+07 92500000.5 58 0
185 92500000 93500000 93000000.5 12 0
186 9.3e+07 9.4e+07 93500000.5 12 0
187 93500000 94500000 94000000.5 10 0
188 9.4e+07 9.5e+07 94500000.5 6 0
189 94500000 95500000 95000000.5 9 0
190 9.5e+07 9.6e+07 95500000.5 22 0
191 95500000 96500000 96000000.5 38 0
192 9.6e+07 9.7e+07 96500000.5 248 0
193 96500000 97500000 97000000.5 233 0
194 9.7e+07 9.8e+07 97500000.5 11 0
195 97500000 98500000 98000000.5 9 0
196 9.8e+07 9.9e+07 98500000.5 11 0
197 98500000 99500000 99000000.5 27 0
198 9.9e+07 1e+08 99500000.5 49 0
199 99500000 100500000 100000000.5 38 0
200 1e+08 1.01e+08 100500000.5 29 0
201 100500000 101500000 101000000.5 44 0
202 1.01e+08 1.02e+08 101500000.5 39 0
203 101500000 102500000 102000000.5 36 0
204 1.02e+08 1.03e+08 102500000.5 44 0
205 102500000 103500000 103000000.5 25 0
206 1.03e+08 1.04e+08 103500000.5 12 0
207 103500000 104500000 104000000.5 29 0
208 1.04e+08 1.05e+08 104500000.5 46 0
209 104500000 105500000 105000000.5 46 0
210 1.05e+08 1.06e+08 105500000.5 43 0
211 105500000 106500000 106000000.5 55 0
212 1.06e+08 1.07e+08 106500000.5 78 1
213 106500000 107500000 107000000.5 72 1
214 1.07e+08 1.08e+08 107500000.5 123 0
215 107500000 108500000 108000000.5 149 0
216 1.08e+08 1.09e+08 108500000.5 104 0
217 108500000 109500000 109000000.5 73 0
218 1.09e+08 1.1e+08 109500000.5 96 0
219 109500000 110500000 110000000.5 120 0
220 1.1e+08 1.11e+08 110500000.5 74 0
221 110500000 111500000 111000000.5 64 0
222 1.11e+08 1.12e+08 111500000.5 79 0
223 111500000 112500000 112000000.5 81 0
224 1.12e+08 1.13e+08 112500000.5 67 0
225 112500000 113500000 113000000.5 53 0
226 1.13e+08 1.14e+08 113500000.5 61 0
227 113500000 114500000 114000000.5 92 0
228 1.14e+08 1.15e+08 114500000.5 90 0
229 114500000 115500000 115000000.5 77 0
230 1.15e+08 1.16e+08 115500000.5 50 0
231 115500000 116500000 116000000.5 28 0
232 1.16e+08 1.17e+08 116500000.5 55 0
233 116500000 117500000 117000000.5 80 0
234 1.17e+08 1.18e+08 117500000.5 82 0
235 117500000 118500000 118000000.5 85 0
236 1.18e+08 1.19e+08 118500000.5 84 0
237 118500000 119500000 119000000.5 81 0
238 1.19e+08 1.2e+08 119500000.5 83 0
239 119500000 120500000 120000000.5 56 0
240 1.2e+08 1.21e+08 120500000.5 64 0
241 120500000 121500000 121000000.5 81 0
242 1.21e+08 1.22e+08 121500000.5 98 0
243 121500000 122500000 122000000.5 94 0
244 1.22e+08 1.23e+08 122500000.5 51 0
245 122500000 123500000 123000000.5 141 0
246 1.23e+08 1.24e+08 123500000.5 163 0
247 123500000 124500000 124000000.5 56 0
248 1.24e+08 1.25e+08 124500000.5 32 0
249 124500000 125500000 125000000.5 25 0
250 1.25e+08 1.26e+08 125500000.5 44 0
251 125500000 126500000 126000000.5 80 0
252 1.26e+08 1.27e+08 126500000.5 83 0
253 126500000 127500000 127000000.5 62 0
254 1.27e+08 1.28e+08 127500000.5 69 0
255 127500000 128500000 128000000.5 83 0
256 1.28e+08 1.29e+08 128500000.5 70 0
257 128500000 129500000 129000000.5 60 0
258 1.29e+08 1.3e+08 129500000.5 55 0
259 129500000 130500000 130000000.5 71 1
260 1.3e+08 1.31e+08 130500000.5 86 1
261 130500000 131500000 131000000.5 103 0
262 1.31e+08 1.32e+08 131500000.5 104 0
263 131500000 132500000 132000000.5 94 0
264 1.32e+08 1.33e+08 132500000.5 91 0
265 132500000 133500000 133000000.5 77 0
266 1.33e+08 1.34e+08 133500000.5 77 0
267 133500000 134500000 134000000.5 83 0
268 1.34e+08 1.35e+08 134500000.5 92 0
269 134500000 135500000 135000000.5 92 0
270 1.35e+08 1.36e+08 135500000.5 88 0
271 135500000 136500000 136000000.5 96 0
272 1.36e+08 1.37e+08 136500000.5 88 0
273 136500000 137500000 137000000.5 90 0
274 1.37e+08 1.38e+08 137500000.5 83 0
275 137500000 138500000 138000000.5 62 0
276 1.38e+08 1.39e+08 138500000.5 69 0
277 138500000 139500000 139000000.5 81 0
278 1.39e+08 1.4e+08 139500000.5 80 0
279 139500000 140500000 140000000.5 93 0
280 1.4e+08 1.41e+08 140500000.5 102 0
281 140500000 141500000 141000000.5 67 0
282 1.41e+08 1.42e+08 141500000.5 49 0
283 141500000 142500000 142000000.5 78 0
284 1.42e+08 1.43e+08 142500000.5 88 0
285 142500000 143500000 143000000.5 72 0
286 1.43e+08 1.44e+08 143500000.5 79 0
287 143500000 144500000 144000000.5 108 0
288 1.44e+08 1.45e+08 144500000.5 110 0
289 144500000 145500000 145000000.5 94 0
290 1.45e+08 1.46e+08 145500000.5 79 0
291 145500000 146500000 146000000.5 71 0
292 1.46e+08 1.47e+08 146500000.5 87 0
293 146500000 147500000 147000000.5 95 0
294 1.47e+08 1.48e+08 147500000.5 76 0
295 147500000 148500000 148000000.5 69 0
296 1.48e+08 1.49e+08 148500000.5 87 0
297 148500000 149500000 149000000.5 83 0
298 1.49e+08 1.5e+08 149500000.5 65 0
299 149500000 150500000 150000000.5 37 0
300 1.5e+08 1.51e+08 150500000.5 7 0
